0	1564.520864
1	1576.223296
2	1465.376
3	1517.237568
4	1553.147968
5	1521.848
6	1582.582912
7	1537.115712
8	1543.707008
9	1531.010944
10	1543.846016
11	1541.48288
12	1556.982272
13	1553.58816
14	1532.018752
15	1541.957824
16	1535.934144
17	1227.55648
18	1553.599744
19	1549.058816
20	1553.958848
21	1519.195264
22	1527.999104
23	1546.707264
24	1506.476032
25	1538.41312
26	1560.88608
27	1573.153536
28	1551.549376
29	1579.501568
30	1494.347584
31	1496.340032
32	1533.872192
33	1541.552384
34	1556.449408
35	1574.520448
36	1382.040704
77	1527.00288
78	1538.830144
79	1485.53216
80	1557.81632
81	1251.801792
82	1497.57952
83	1542.664448
84	1573.315712
85	1545.13184
86	1546.718848
87	1560.642816
88	1557.248704
89	1510.576768
90	1580.127104
91	1562.751104
92	1541.042688
93	1565.589184
94	1549.452672
95	1528.497216
96	1583.602304
97	1536.09632
98	1551.50304
99	1552.638272
100	1504.367744
101	1564.488704
102	1572.06464
103	1563.446144
104	1517.770432
105	1560.550144
106	1553.634496
107	1551.120768
108	1425.886144
109	1538.911232
110	1559.287488
111	1476.566144
112	1533.733184
113	1535.899392
114	1578.66752
115	1421.18304
116	1559.067392
117	1559.90144
118	1094.22464
119	1561.048256
120	1410.166656
121	1579.177216
122	1562.751104
123	1561.592704
124	1567.66272
125	1614.98336
126	1572.794432
127	1527.721088
128	1543.011968
129	1550.680576
130	1535.551872
131	1565.322752
132	1570.32704
133	1478.92928
134	1571.149504
135	1557.040192
136	1566.249472
177	1540.648832
178	1544.645312
179	1538.436288
180	1595.360064
181	1554.642304
182	1527.338816
183	1590.182016
184	1590.610624
185	1552.464512
186	1577.092096
187	1569.68992
188	1548.097344
189	1555.140416
190	1574.219264
191	1537.405312
192	1536.362752
193	1563.446144
194	1552.916288
195	1524.616576
196	1515.88224
197	1520.909696
198	1488.810432
199	1577.995648
200	1560.515392
201	1527.46624
202	1522.647296
203	1532.933888
204	1478.326912
205	1543.938688
206	1514.619584
207	1468.434176
208	1230.070208
209	1510.333504
210	1553.611328
211	1442.289088
212	1454.695552
213	1586.845824
214	1504.599424
215	1480.886976
216	1533.177152
217	1520.620096
218	1575.07648
219	1531.103616
220	1447.003776
221	1554.769728
222	1579.211968
223	1510.588352
224	1487.431936
225	1539.316672
226	1506.2096
227	1516.716288
228	1562.16032
229	1433.218816
230	1580.937984
231	1543.637504
232	1526.724864
233	1560.457472
234	1548.931392
235	1540.185472
236	1541.529216
277	1524.755584
278	1581.62144
279	1529.447104
280	1574.90272
281	1575.88736
282	1519.403776
283	1539.467264
284	1559.484416
285	1517.144896
286	1535.528704
287	1504.112896
288	1346.87168
289	1510.588352
290	1437.667072
291	1477.782464
292	1476.311296
293	1443.702336
294	1231.274944
295	1262.644416
296	1190.325504
297	1061.465088
298	831.661696
299	1073.02592
300	623.925824
301	480.817088
302	767.544256
303	671.744576
304	679.760704
305	803.663168
306	738.781184
307	748.928768
308	668.616896
309	605.20608
310	580.76384
311	747.828288
312	450.756608
313	169.601344
314	115.37664
315	81.759872
316	92.811008
317	120.35776
318	71.29952
319	109.920576
320	148.298368
321	133.181248
322	105.437568
323	112.040448
324	64.858816
325	97.47936
326	84.540032
327	68.183424
328	79.605248
329	100.074176
330	54.027776
331	36.964544
332	66.66592
333	74.265024
334	47.946176
335	33.118656
336	39.200256
377	41.331712
378	118.50432
379	1301.4624
380	1552.673024
381	1567.871232
382	1535.992064
383	1502.79232
384	1566.09888
385	1522.404032
386	1557.596224
387	1562.252992
388	1549.139904
389	1257.894976
390	1688.970368
391	1320.309568
392	1386.396288
393	1384.299584
394	1520.295744
395	1549.973952
396	1559.90144
397	1545.676288
398	1588.143232
399	1547.657152
400	1519.971392
401	1543.324736
402	1570.15328
403	1552.383424
404	1596.750144
405	1571.612864
406	1524.350144
407	1560.967168
408	1574.972224
409	1376.87424
410	1558.117504
411	1566.110464
412	1541.923072
413	1586.903744
414	1536.941952
415	1547.645568
416	1569.51616
417	1554.92032
418	1565.728192
419	1568.438848
420	1586.868992
421	1538.3552
422	1539.826368
423	1559.72768
424	1550.935424
425	1573.419968
426	1470.0096
427	1542.791872
428	1556.229312
429	1547.355968
430	1556.125056
431	1576.06112
432	1549.777024
433	1576.964672
434	1566.898176
435	1553.64608
436	1553.507072
477	1559.403328
478	1522.299776
479	1533.292992
480	1567.651136
481	1554.908736
482	1584.668032
483	1399.729472
484	1233.904512
485	1344.971904
486	1360.587136
487	1545.502528
488	1567.697472
489	1582.687168
490	1534.462976
491	1567.8944
492	1545.3056
493	1499.583552
494	1478.014144
495	1512.17536
496	1558.349184
497	1512.939904
498	1580.11552
499	1563.388224
500	1554.955072
501	1486.968576
502	1527.9296
503	1574.474112
504	1540.764672
505	1554.45696
506	1617.867776
507	1586.741568
508	1554.236864
509	1592.128128
510	1492.5984
511	1550.425728
512	1574.867968
513	1510.171328
514	1513.843456
515	1558.465024
516	1578.007232
517	1538.81856
518	1615.133952
519	1556.0208
520	1510.472512
521	1547.807744
522	1546.012224
523	1549.892864
524	1566.469568
525	1578.852864
526	1572.829184
527	1537.94976
528	1597.120832
529	1522.531456
530	1554.028352
531	1590.819136
532	1570.466048
533	1554.897152
534	1591.537344
535	1579.82592
536	1566.56224
577	1576.953088
578	1586.590976
579	1575.783104
580	1557.4688
581	1481.929536
582	1556.321984
583	1544.112448
584	1556.345152
585	1552.059072
586	1551.757888
587	1524.245888
588	1573.524224
589	1559.889856
590	1516.473024
591	1567.153024
592	1566.052544
593	1549.406336
594	1576.617152
595	1593.251776
596	1498.865344
597	1561.40736
598	1535.22752
599	1389.940992
600	1512.221696
601	1526.273088
602	1535.436032
603	1583.93824
604	1571.404352
605	1547.761408
606	1590.25152
607	1604.546176
608	1533.791104
609	1555.708032
610	1570.09536
610	837.766464
