0	1371537888
1	1469054976
2	1413480448
3	1553989632
4	1499463680
5	860880896
6	559939584
7	216697984
8	905969664
9	1190133760
10	1158676480
11	405798912
12	186646528
13	457179136
14	878706688
15	1007681536
16	1258291200
17	1510998016
18	1428160512
19	1513095168
20	1551892480
21	346030080
22	420478976
23	1035993088
24	905969664
25	996147200
26	346030080
27	1139802112
28	1019215872
29	1495269376
30	1219493888
31	1323302912
32	1374683136
33	784334848
34	452984832
35	285212672
36	1154482176
37	1555038208
38	1395654656
39	398458880
40	83886080
41	172168192
42	1003487232
43	759169024
44	1275068416
45	1329594368
46	1371537408
47	1439694848
48	1303379968
49	642777088
50	286261248
51	1031798784
52	1366294528
53	1354760192
54	761266176
55	42185088
56	252706816
57	1095761920
58	901775360
59	920649728
60	1290797056
61	1534066688
62	1549795328
63	1507852288
64	1458569216
65	756023296
66	308281344
67	848297984
68	1175453696
69	1186988032
70	1369440256
71	1219493888
72	699400192
73	839909376
74	510656512
75	1328545792
76	1387266048
77	1411383296
78	1229979648
79	1075838976
80	899678208
81	365953024
82	214958080
83	1397751808
84	1270874112
85	1200619520
86	1176502272
87	796917760
88	1172307968
89	857735168
90	1396703232
91	958398464
92	1385168896
93	1472200704
94	1405091840
95	507725888
96	512753664
97	938475520
98	1498415104
99	560988160
100	754974720
101	127926272
102	692060160
103	823132160
104	1013972992
105	1495269376
106	1471152128
107	1444937728
108	1449132032
109	1510998016
110	879755264
111	360710144
112	457179136
113	1030750208
114	1355808768
115	721420288
116	153092096
117	794820608
118	854589440
119	1076887552
120	1376780288
121	1287651328
122	1562378240
123	1471152128
124	1445986304
125	1022361600
126	332788096
127	464519168
128	872415232
129	1366294528
130	1348468736
131	1065353216
132	1205862400
133	1028653056
134	965738496
135	1291845632
136	1509949440
137	1600126976
138	1059061760
139	1543503872
140	1521483776
141	1143996416
142	400433728
143	156237824
144	1029701632
145	1408237568
146	1498415104
147	1229979648
148	379584512
149	21932736
150	22978432
151	725614592
152	637534208
153	1007681536
154	1470103552
155	1503657984
156	1481637888
157	1506803712
158	1305477120
159	720371712
160	501219328
161	486539264
162	1294991360
163	1179648000
164	1332740096
165	545259520
166	223346688
167	1246756864
168	735051776
169	838860800
170	1349517312
171	1513095168
172	1436549120
173	1285554176
174	1152385024
175	832569344
176	233832448
177	877658112
178	1520435200
179	1382023168
180	1415577600
181	273678336
182	265289728
183	887095296
184	638582784
185	1095761920
186	1200619520
187	1350565888
188	1294991360
189	1343225856
190	724566016
191	306184192
192	454033408
193	1138753536
194	1253048320
195	1368391680
196	756023296
197	354418688
198	874512384
199	500170752
200	828375040
201	1346371584
202	1414529024
203	1459617792
204	1547698176
205	1395654656
206	610271232
207	308281344
208	1112539136
209	1323302912
210	994050048
211	318767104
212	14699264
213	315621376
214	463470592
215	1190133760
216	1435500544
217	1283457024
218	1479540736
219	1007681536
220	1313865728
221	781189120
222	376438784
223	630194176
224	1499463680
225	1457520640
226	1485832192
227	483393536
228	22860352
229	435159040
230	800063488
231	680525824
232	1258291200
233	1503657984
234	1287651328
235	1445986304
236	1382023168
237	317718528
238	326107136
239	640679936
240	1044381696
241	1351614464
242	853540864
243	686817280
244	70254592
245	1020264448
246	781189120
247	923795456
248	1442840576
249	1400897536
250	1361051648
251	1494220800
252	1471152128
253	1275068416
254	380633088
255	265289728
256	1207959552
257	1210056704
258	1049624576
259	1257242624
260	294649856
261	419430400
262	1052770304
263	702545920
264	1548746752
265	1514143744
266	1388314624
267	1538260992
268	1336934400
269	1325400064
270	491782144
271	435159040
272	846200832
273	1369440256
274	1086324736
275	1189085184
276	273678336
277	760217600
278	964689920
279	400556032
280	1218445312
281	1274019840
282	1229979648
283	1418723328
284	1510998016
285	1220542464
286	533725184
287	289406976
288	1086324736
289	1176502272
290	1001390080
291	1306525696
292	313524224
293	1073741824
294	741343232
295	937426944
296	1527775232
297	1548746752
298	1463812096
299	1519386624
300	1553989632
301	565182464
302	344981504
303	990904320
304	1072693248
305	1406140416
306	1168113664
307	696254464
308	164626432
309	897581056
310	419430400
311	713031680
312	1197473792
313	1394606080
314	1043333120
315	1380974592
316	1443889152
317	1119879168
318	704643072
319	420478976
320	459276288
321	1423966208
322	1229979648
323	1579155456
324	917504000
325	265289728
326	567279616
327	813694976
328	373293056
329	1209008128
330	1495269376
331	1472200704
332	1362100224
333	1405091840
334	1490026496
335	362807296
336	558891008
337	1363148800
338	1198522368
339	635437056
340	1021313024
341	654311424
342	1284505600
343	879755264
344	451936256
345	1367343104
346	1276116992
347	1153433600
348	1421869056
349	1218445312
350	1318060032
351	579862528
352	271581184
353	1053818880
354	1596981248
355	1220542464
356	1584398336
357	153092096
358	601882624
359	1123024896
360	610271232
361	1153433600
362	1453326336
363	1462763520
364	1476395008
365	1562378240
366	1496317952
367	732954624
368	221249536
369	1262485504
370	1395654656
371	1220542464
372	1152385024
373	95986432
374	34603008
375	887095296
376	845152256
377	1539309568
378	1471152128
379	1159725056
380	1365245952
381	1183842304
382	907018240
383	218103808
384	605028352
385	1331691520
386	1227882496
387	1438646272
388	581959680
389	227540992
390	1138753536
391	512753664
392	1272971264
393	1586495488
394	1356857344
395	1496317952
396	1395654656
397	1105199104
398	548405248
399	283115520
400	729808896
401	1262485504
402	1368391680
403	1225785344
404	793772032
405	16949184
406	600834048
407	744488960
408	1134559232
409	1399848960
410	1366294528
411	1455423488
412	1540358144
413	1439694848
414	422576128
415	377487360
416	875560960
417	1397751808
418	1015021568
419	779091968
420	555745280
421	201689792
422	869269504
423	507510784
424	1226833920
425	1545601024
426	1523580928
427	1407188992
428	1388314624
429	1432354816
430	1268776960
431	435159040
432	118555328
433	1047527424
434	1253048320
435	1351614464
436	1416626176
437	234881024
438	33095040
439	1127219200
440	638582784
441	1455423488
442	1528823808
443	1478492160
444	1514143744
445	1548746752
446	1078984704
447	314307968
448	445644800
449	1308622848
450	1331691520
451	1271922688
452	1063256064
453	45088768
454	358612992
455	804257792
456	661651456
457	1189085184
458	1260388352
459	1153433600
460	1326448640
461	1375731712
462	1198522368
463	356515840
464	412090368
465	1336934400
466	1068498944
467	1320157184
468	688914432
469	46137344
470	238026752
471	1060110336
472	627048448
473	812646400
474	1194328064
475	1443889152
476	1570766848
477	1514143744
478	1265631232
479	438304768
480	274726912
481	822083584
482	1072693248
483	1486880768
484	1479540736
485	1083179008
486	33299776
487	233832448
488	770703360
489	358612992
490	1203765248
491	1363148800
492	1241513984
493	1181745152
494	1247805440
495	1064304640
496	105906176
497	571473920
498	441450496
499	1175453696
500	1394606080
501	1465909248
502	1548746752
503	1360003072
504	1459617792
505	935329792
506	563085312
507	1486880768
508	1374683136
509	1496317952
510	1335885824
511	1394606080
512	1333788672
513	591396864
514	338690048
515	630194176
516	1370488832
517	1447034880
518	1323302912
519	1162870784
520	305135616
521	102488448
522	869269504
523	427819008
524	1086324736
525	1145044992
526	1169162240
527	1265631232
528	1199570944
529	442499072
530	484442112
531	532676608
532	1368391680
533	1442840576
534	1432354816
535	1503657984
536	203423744
537	660602880
538	1004535808
539	695205888
540	1229979648
541	1483735040
542	1410334720
543	1474297856
544	1426063360
545	1332740096
546	769654784
547	242771776
548	238026752
549	1043333120
550	1507852288
551	1438646272
552	1411383296
553	1075838976
554	34603008
555	94371840
556	687865856
557	611319808
558	1280311296
559	1443889152
560	1484783616
561	1458569216
562	1437597696
563	1429209088
564	687865856
565	409993216
566	699400192
567	961544192
568	1317011456
569	990904320
570	412090368
571	47185920
572	198180864
573	619708416
574	492830720
575	1155530752
576	1390411776
577	1267728384
578	1301282816
579	1449132032
580	1466957824
581	1254096896
582	331350016
583	111578944
584	1115684864
585	1497366528
586	790626304
587	1257242624
588	989855744
589	310378496
590	972029952
591	597688320
592	1267728384
593	1422917632
594	1369440256
595	1427111936
596	1423966208
597	1118830592
598	1360003072
599	362807296
600	203423744
601	1123024896
602	1219493888
603	943718400
604	829423616
605	73527232
606	23068672
607	799014912
608	460324864
609	1324351488
610	1558183936
611	1373634560
612	868220928
613	1285554176
614	1522532352
615	1427111936
616	435159040
617	395313152
618	976224256
619	1434451968
620	1081081856
621	765460480
622	274726912
623	33554432
624	420478976
625	806354944
626	678428672
627	1218445312
628	1508900864
629	1530920960
630	1395654656
631	1426063360
632	1427111936
633	708837376
634	345131520
635	797966336
636	1374683136
637	1184890880
638	1239416832
639	594542592
640	246970240
641	917504000
642	701497344
643	1428160512
644	1393557504
645	1492123648
646	1537212416
647	1517289472
648	1433403392
649	452984832
650	394264576
651	1127219200
652	1375731712
653	1476395008
654	1439694848
655	220200960
656	32084736
657	213656832
658	1012924416
659	697303040
660	1321205760
661	1405091840
662	1401946112
663	1296039936
664	1477443584
665	1419771904
666	1206910976
667	725614592
668	451936256
669	788529152
670	1099956224
671	1089470464
672	1129316352
673	324009984
674	14812416
675	403599488
676	701497344
677	633339904
678	1384120320
679	1339031552
680	1329594368
681	1428160512
682	1460666368
683	1350565888
684	867172352
685	380633088
686	697303040
687	944766976
688	1318060032
689	1284505600
690	282066944
691	356515840
692	946864128
693	660602880
694	1168113664
695	1434451968
696	1442840576
697	1451229184
698	1322254336
699	1213202432
700	553648128
701	549453824
702	163577856
703	1232076800
704	1282408448
705	1379926016
706	1026555904
707	3172352
708	558891008
709	722468864
710	1118830592
711	1084227584
712	1354760192
713	1482686464
714	1385168896
715	1431306240
716	1448083456
717	253755392
718	354418688
719	781189120
720	1105199104
721	1398800384
722	1237319680
723	1018167296
724	46137344
725	662317440
726	772800512
727	1054867456
728	1350565888
729	1232076800
730	1364197376
731	1234173952
732	1471152128
733	1444937728
734	534773760
735	349175808
736	1038090240
737	861929472
738	384827392
739	1143996416
740	874512384
741	58720256
742	573571072
743	659554304
744	788529152
745	1376780288
746	1450180608
747	1189085184
748	894435328
749	1264582656
750	1160773632
751	490733568
752	425721856
753	864026624
754	1275068416
755	1118830592
756	811597824
757	593494016
758	18479360
759	524227840
760	856686592
761	1094713344
762	1481637888
763	1478492160
764	1418723328
765	1518338048
766	1520435200
767	536870912
768	327155712
769	556793856
770	1270874112
771	1380974592
772	741343232
773	913309696
774	46137344
775	461373440
776	1013972992
777	530579456
778	1418723328
779	1387266048
780	1448083456
781	1301282816
782	1261436928
783	1215299584
784	640679936
785	248512512
786	858783744
787	1484783616
788	1335885824
789	1015021568
790	1204813824
791	173015040
792	746586112
793	1003487232
794	776994816
795	1261436928
796	1535115264
797	1556086784
798	1691353088
799	1613758464
800	1504706560
801	593494016
802	228589568
803	1259339776
804	1376780288
805	1361051648
806	1143996416
807	824180736
808	700448768
809	1397751808
810	894435328
811	709885952
812	1494220800
813	1466957824
814	1417674752
815	1428160512
816	1280311296
817	1458569216
818	327586176
819	466616320
820	707788800
821	1355808768
822	1445986304
823	1428160512
824	1398800384
825	289406976
826	432013312
827	770703360
828	796917760
829	1383071744
830	1348468736
831	1225785344
832	1260388352
833	1276116992
834	1450180608
835	220200960
836	435159040
837	847249408
838	1314914304
839	1495269376
840	1330642944
841	721420288
842	165675008
843	851443712
844	1080033280
845	573571072
846	1270874112
847	1465909248
848	1392508928
849	1488977920
850	1499463680
851	1490026496
852	797966336
853	530267136
854	603979776
855	1367343104
856	1069547520
857	1461714944
858	1096810496
859	565182464
860	1332740096
861	1255145472
862	926941184
863	1367343104
864	1571815424
865	1481637888
866	1451229184
867	1171259392
868	1278214144
869	555745280
870	241172480
871	861929472
872	956301312
873	1184890880
874	1345323008
875	606076928
876	93323264
877	903872512
878	499122176
879	1101004800
880	1290797056
881	1410334720
882	1479540736
883	1519386624
884	1455423488
885	1260388352
886	853540864
887	320864256
888	898629632
889	1348468736
890	1092616192
891	1225785344
892	717225984
893	34603008
894	441956800
895	619708416
896	1203765248
897	1344274432
898	1395654656
899	1485832192
900	1523580928
901	1486880768
902	1075838976
903	294649856
904	568328192
905	1024458752
906	1473249280
907	1508900864
908	851443712
909	83886080
910	895483904
911	848297984
912	1385168896
913	1531969536
914	1480589312
915	1335885824
916	1399848960
917	1217396736
918	508559360
919	421527552
920	761266176
921	963641344
922	1457520640
923	1206910976
924	688914432
925	132120576
926	818937856
927	699400192
928	1028653056
929	1559232512
930	1425014784
931	1454374912
932	1539309568
933	1476395008
934	761266176
935	331350016
936	667942912
937	1274019840
938	1496317952
939	1285554176
940	1107296256
941	168820736
942	105906176
943	988807168
944	772800512
945	1510998016
946	1501560832
947	1438646272
948	1464860672
949	1374683136
950	1247805440
951	852492288
952	344981504
953	896532480
954	595591168
955	1391460352
956	1296039936
957	239075328
958	130023424
959	643825664
960	836763648
961	1389363200
962	1478492160
963	1491075072
964	1475346432
965	1464860672
966	1038090240
967	332398592
968	867172352
969	1269825536
970	1349517312
971	1065353216
972	1387266048
973	248512512
974	835715072
975	869269504
976	1012924416
977	1481637888
978	1497366528
979	1433403392
980	1499463680
981	1512046592
982	1285554176
983	204472320
984	607125504
985	1073741824
986	1378877440
987	1418723328
988	1450180608
989	1408237568
990	1509949440
991	1260388352
992	730857472
993	1269825536
994	1480589312
995	1481637888
996	1502609408
997	1529872384
998	1457520640
999	771751936
1000	317718528
1001	1375731712
1002	1371537408
1003	1509949440
1004	1071644672
1005	180355072
1006	30650816
1007	727711744
1008	549453824
1009	1267728384
1010	1108344832
1011	1388314624
1012	1386217472
1013	1384120320
1014	1417674752
1015	869269504
1016	269484032
1017	1084227584
1018	1345323008
1019	1289748480
1020	976224256
1021	507510784
1022	19543744
1023	710820224
1024	584056832
1025	1291845632
1026	1428160512
1027	1256194048
1028	1191182336
1029	1302331392
1030	1146093568
1031	1167065088
1032	385875968
1033	183071424
1034	871366656
1035	1191182336
1036	1088421888
1037	1092616192
1038	356515840
1039	322444608
1040	687865856
1041	855638016
1042	1315962880
1043	1291845632
1044	1300234240
1045	1354760192
1046	1348468736
1047	659554304
1048	421527552
1049	849346560
1050	1193279488
1051	1263534080
1052	1194328064
1053	889192448
1054	45088768
1055	372232896
1056	462422016
1057	981467136
1058	1164967936
1059	1255145472
1060	1351614464
1061	1315962880
1062	1456472064
1063	1157627904
1064	357564416
1065	716177408
1066	1420820480
1067	1279262720
1068	1224736768
1069	668991488
1070	82837504
1071	1212153856
1072	662700032
1073	1109393408
1074	1418723328
1075	1456472064
1076	1524629504
1077	1498415104
1078	1378877440
1079	694157312
1080	340787200
1081	1277165568
1082	1391460352
1083	1053818880
1084	1333788672
1085	576716800
1086	1180696576
1087	771751936
1088	1324351488
1089	1450180608
1090	1335885824
1091	1501560832
1092	1397751808
1093	645922816
1094	473956352
1095	1388314624
1096	1406140416
1097	1463812096
1098	794820608
1099	60817408
1100	387973120
1101	817889280
1102	488636416
1103	1451229184
1104	1517289472
1105	1480589312
1106	1573912576
1107	1592786944
1108	1223688192
1109	378535936
1110	310378496
1111	1262485504
1112	1224736768
1113	894435328
1114	589299712
1115	104857600
1116	307232768
1117	869269504
1118	790626304
1119	980418560
1120	1340080128
1121	1465909248
1122	1421869056
1123	1456472064
1124	1385168896
1125	519045120
1126	424673280
1127	1228931072
1128	1235222528
1129	1038090240
1130	1125122048
1131	624951296
1132	803209216
1133	925892608
1134	1004535808
1135	1566572544
1136	1296039936
1137	1385168896
1138	1573912576
1139	1494220800
1140	843055104
1141	617611264
1142	167772160
1143	1402994688
1144	1224736768
1145	1382023168
1146	1355808768
1147	614465536
1148	57671680
1149	463470592
1150	833617920
1151	1206910976
1152	1240465408
1153	1061158912
1154	1209008128
1155	1312817152
1156	1343225856
1157	1217396736
1158	467664896
1159	510656512
1160	1355808768
1161	1239416832
1162	892338176
1163	851443712
1164	69206016
1165	888143872
1166	504365056
1167	1236271104
1168	1228931072
1169	1388314624
1170	1387266048
1171	1475346432
1172	1323302912
1173	762314752
1174	385875968
1175	460324864
1176	1231028224
1177	1339031552
1178	406443072
