0	1635.0
1	1702.0
2	1850.0
3	1533.0
4	888.5
5	1238.0
6	629.2
7	460.6
8	1208.0
9	684.1
10	606.8
11	182.4
12	692.7
13	1033.0
14	501.1
15	650.5
16	672.4
17	494.5
18	1217.0
19	1105.0
20	682.9
21	536.0
22	470.1
23	1146.0
24	1059.0
25	1155.0
26	40.55
27	107.9
28	1033.0
29	813.0
30	1249.0
31	223.5
32	1406.0
33	1675.0
34	1555.0
35	1350.0
36	614.9
37	505.8
38	1331.0
39	1301.0
40	1316.0
41	174.0
42	648.7
43	711.6
44	678.6
45	928.9
46	1660.0
47	687.6
48	1272.0
49	1324.0
50	1372.0
51	778.4
52	476.5
53	840.4
54	1016.0
55	1050.0
56	176.6
57	228.3
58	989.8
59	798.2
60	812.1
61	1108.0
62	1056.0
63	1636.0
64	1574.0
65	1240.0
66	681.6
67	428.8
68	1010.0
69	823.7
70	993.6
71	415.0
72	34.99
73	457.9
74	875.6
75	741.5
76	961.0
77	1126.0
78	1257.0
79	1759.0
80	1406.0
81	1250.0
82	821.3
83	318.1
84	1063.0
85	974.8
86	763.3
87	777.5
88	320.1
89	796.5
90	776.8
91	954.7
92	889.4
93	763.9
94	1688.0
95	1390.0
96	1338.0
97	830.4
98	619.5
99	752.3
100	711.0
101	760.5
102	547.5
103	75.37
104	130.5
105	338.5
106	723.7
107	321.6
108	1076.0
109	574.3
110	350.1
111	905.8
112	1604.0
113	1542.0
114	1098.0
115	385.7
116	345.4
117	1092.0
118	686.0
119	1014.0
120	614.6
121	26.28
122	360.6
123	357.8
124	861.4
125	841.4
126	1659.0
127	1686.0
128	1293.0
129	1226.0
130	476.5
131	326.8
132	693.9
133	967.7
134	972.7
135	828.6
136	911.6
137	971.9
138	749.0
139	1046.0
140	1280.0
141	1925.0
142	1758.0
143	1669.0
144	1392.0
145	633.8
146	299.7
147	871.0
148	968.1
149	1041.0
150	355.8
151	378.8
152	696.2
153	562.1
154	1150.0
155	741.3
156	1537.0
157	1541.0
158	975.9
159	305.0
160	376.7
161	816.6
162	1002.0
163	634.5
164	740.9
165	768.2
166	215.3
167	934.6
168	727.5
169	314.8
170	1059.0
171	1355.0
172	1052.0
173	1396.0
174	1011.0
175	408.7
176	412.7
177	843.0
178	749.6
179	921.3
180	335.5
181	362.6
182	1019.0
183	515.6
184	991.5
185	1317.0
186	1758.0
187	1545.0
188	1313.0
189	398.6
190	676.1
191	334.5
192	480.6
193	787.2
194	967.9
195	762.5
196	529.1
197	353.3
198	1013.0
199	555.1
200	1150.0
201	1414.0
202	1149.0
203	1351.0
204	1499.0
205	1152.0
206	471.7
207	171.2
208	706.2
209	964.8
210	310.6
211	945.5
212	586.8
213	814.8
214	642.3
215	1160.0
216	1824.0
217	1882.0
218	1453.0
219	1385.0
220	1115.0
221	294.3
222	184.6
223	439.9
224	410.8
225	597.1
226	188.5
227	459.5
228	775.8
229	700.5
230	1296.0
231	1544.0
232	1015.0
233	1365.0
234	1493.0
235	917.5
236	246.6
237	523.0
238	607.9
239	1084.0
240	1331.0
241	772.5
242	30.53
243	397.4
244	892.1
245	848.2
246	1291.0
247	1399.0
248	1556.0
249	996.8
250	1345.0
251	833.1
252	253.4
253	481.1
254	1140.0
255	1018.0
256	829.0
257	199.3
258	383.4
259	1099.0
260	635.4
261	1097.0
262	542.9
263	1372.0
264	1888.0
265	1583.0
266	1260.0
267	426.6
268	430.1
269	936.7
270	1017.0
271	1072.0
272	194.0
273	187.0
274	919.5
275	643.3
276	1347.0
277	1804.0
278	1028.0
279	1313.0
280	1428.0
281	831.6
282	542.3
283	664.9
284	650.3
285	940.8
286	517.7
287	152.4
288	917.1
289	580.3
290	1240.0
291	1556.0
292	1715.0
293	1850.0
294	1591.0
295	1599.0
296	771.1
297	363.0
298	856.5
299	983.4
300	747.0
301	1080.0
302	458.6
303	216.0
304	999.2
305	593.8
306	465.6
307	1755.0
308	1586.0
309	1237.0
310	1324.0
311	1208.0
312	262.9
313	707.3
314	1174.0
315	969.5
316	1040.0
317	49.48
318	21.68
319	609.5
320	660.6
321	711.6
322	1247.0
323	1350.0
324	1757.0
325	1491.0
326	1227.0
327	193.2
328	426.2
329	962.7
330	1000.0
331	1095.0
332	627.0
333	74.18
334	644.3
335	684.0
336	933.8
337	1319.0
338	1737.0
339	1814.0
340	1432.0
341	1237.0
342	1004.0
343	506.3
344	314.4
345	1016.0
346	441.9
347	944.2
348	933.4
349	708.7
350	290.8
351	1008.0
352	585.9
353	1225.0
354	1660.0
355	1866.0
356	1774.0
357	1395.0
358	1262.0
359	620.6
360	258.4
361	950.5
362	1303.0
363	1312.0
364	1367.0
365	725.6
366	137.9
367	1007.0
368	738.6
369	1047.0
370	966.7
371	1504.0
372	1843.0
373	1457.0
374	1506.0
375	855.9
376	434.7
377	1058.0
378	1219.0
379	1031.0
380	1286.0
381	1106.0
382	182.1
383	629.8
384	458.7
385	1120.0
386	1776.0
387	1693.0
388	1838.0
389	1493.0
390	1222.0
391	911.7
392	380.0
393	639.7
394	1286.0
395	1273.0
396	1130.0
397	445.4
398	39.71
399	1008.0
400	506.6
401	1150.0
402	1490.0
403	1664.0
404	1839.0
405	1268.0
406	1156.0
407	448.5
408	341.5
409	914.6
410	953.9
411	731.6
412	723.1
413	625.4
414	551.1
415	1006.0
416	703.0
417	927.6
418	1739.0
419	1838.0
420	1539.0
421	1316.0
422	1552.0
423	794.7
424	321.2
425	843.4
426	1128.0
427	1119.0
428	1365.0
429	944.0
430	59.56
431	374.5
432	365.9
433	1010.0
434	1397.0
435	1618.0
436	1245.0
437	1130.0
438	1455.0
439	1159.0
440	166.9
441	277.5
442	1002.0
443	1106.0
444	1169.0
445	741.0
446	121.3
447	133.6
448	878.7
449	881.5
450	1456.0
451	1804.0
452	1766.0
453	1524.0
454	1493.0
455	1004.0
456	662.3
457	720.0
458	847.1
459	221.7
460	257.2
461	757.5
462	1011.0
463	970.3
464	646.4
465	1312.0
466	1135.0
467	1778.0
468	1816.0
469	368.2
470	615.2
471	494.8
472	320.0
473	1007.0
474	1197.0
475	1326.0
476	462.7
477	51.04
478	33.67
479	467.2
480	639.1
481	1071.0
482	663.3
483	274.3
484	1231.0
485	1495.0
486	1739.0
487	565.8
488	112.8
489	348.3
490	1023.0
491	855.2
492	688.4
493	126.8
494	46.06
495	110.1
496	950.6
497	803.5
498	1437.0
499	1231.0
500	989.0
501	747.7
502	1508.0
503	1098.0
504	422.8
505	406.0
506	1133.0
507	1285.0
508	1203.0
509	321.5
510	13.64
511	290.6
512	928.1
513	633.4
514	1348.0
515	1042.0
516	1773.0
517	1683.0
518	1400.0
519	1528.0
520	709.5
521	351.6
522	951.3
523	1010.0
524	936.9
525	809.7
526	56.56
527	15.44
528	629.9
529	563.1
530	831.7
531	795.4
532	952.7
533	1735.0
534	1807.0
535	1305.0
536	1166.0
537	517.7
538	297.9
539	1125.0
540	1017.0
541	772.3
542	525.4
543	20.38
544	275.0
545	941.0
546	616.1
547	1244.0
548	1402.0
549	1709.0
550	1545.0
551	1610.0
552	1503.0
553	482.0
554	347.6
555	1063.0
556	617.9
557	1090.0
558	791.4
559	235.7
560	101.3
561	419.1
562	1054.0
563	686.9
564	1358.0
565	1621.0
566	1740.0
567	1300.0
568	1593.0
569	1014.0
570	406.6
571	116.9
572	997.8
573	1037.0
574	1188.0
575	1085.0
576	33.63
577	92.06
578	268.2
579	199.0
580	379.9
581	1103.0
582	1164.0
583	778.3
584	1401.0
585	1406.0
586	536.9
587	279.4
588	441.3
589	1008.0
590	1288.0
591	1197.0
592	21.2
593	185.2
594	621.7
595	575.6
596	947.4
597	802.6
598	1012.0
599	973.4
600	1438.0
601	1170.0
602	396.1
603	480.7
604	1064.0
605	1065.0
606	915.4
607	196.0
608	69.04
609	633.7
610	524.4
611	965.1
612	1638.0
613	1375.0
614	1674.0
615	859.5
616	1280.0
617	792.4
618	343.6
619	892.6
620	719.5
621	867.6
622	1067.0
623	601.5
624	23.22
625	390.3
626	618.5
627	807.1
628	1074.0
629	1187.0
630	1023.0
631	1107.0
632	1117.0
633	430.5
634	693.0
635	946.0
636	646.6
637	1153.0
638	335.7
639	12.01
640	358.6
641	866.9
642	736.3
643	1418.0
644	1885.0
645	1591.0
646	1609.0
647	1659.0
648	1114.0
649	354.4
650	615.5
651	1121.0
652	1104.0
653	1072.0
654	291.2
655	27.2
656	83.67
657	918.2
658	560.6
659	1094.0
660	1468.0
661	1366.0
662	726.0
663	917.5
664	952.7
665	1381.0
666	741.5
667	145.8
668	287.0
669	1132.0
670	707.1
671	283.8
672	777.0
673	402.3
674	220.5
675	776.9
676	649.5
677	1008.0
678	889.2
679	711.4
680	706.5
681	1880.0
682	1064.0
683	507.6
684	443.2
685	400.1
686	712.2
687	668.1
688	602.9
689	651.9
690	150.0
691	916.6
692	839.3
693	1005.0
694	1429.0
695	1743.0
696	1728.0
697	456.0
698	155.3
699	1156.0
700	585.9
701	249.5
702	887.5
703	879.6
704	1358.0
705	1147.0
706	128.1
707	25.71
708	702.2
709	643.4
710	1146.0
711	1326.0
712	1930.0
713	1713.0
714	1310.0
715	1628.0
716	1590.0
717	639.8
718	368.8
719	1120.0
720	1103.0
721	1284.0
722	328.6
723	180.3
724	979.1
725	634.5
726	1356.0
727	1509.0
728	1750.0
729	1572.0
730	940.2
731	531.1
732	440.5
733	876.5
734	539.6
735	985.9
736	1346.0
737	410.6
738	319.8
739	1019.0
740	521.7
741	882.3
742	1762.0
743	1818.0
744	1673.0
745	1546.0
746	1517.0
747	758.9
748	520.4
749	530.3
750	981.0
751	1040.0
752	1353.0
753	968.6
754	131.6
755	114.0
756	759.7
757	823.8
758	881.2
759	1180.0
760	1392.0
761	1210.0
762	1822.0
763	1266.0
764	1200.0
765	1061.0
766	288.0
767	181.1
768	742.0
769	1081.0
770	1405.0
771	524.1
772	78.68
773	381.3
774	759.3
775	1009.0
776	638.5
777	1099.0
778	1225.0
779	1731.0
780	1800.0
781	1582.0
782	1588.0
783	910.9
784	416.5
785	525.3
786	896.1
787	511.7
788	780.8
789	401.0
790	43.86
791	336.7
792	486.2
793	342.8
794	979.3
795	1434.0
796	1824.0
797	1682.0
798	1022.0
799	1044.0
800	1364.0
801	371.9
802	327.5
803	815.4
804	1126.0
805	1035.0
806	957.2
807	633.0
808	146.3
809	501.6
810	750.2
811	592.3
812	1393.0
813	1730.0
814	1856.0
815	1920.0
816	1453.0
817	1478.0
818	945.6
819	465.7
820	681.8
821	993.9
822	813.4
823	959.9
824	382.0
825	29.34
826	624.7
827	919.2
828	802.8
829	755.3
830	1661.0
831	1665.0
832	1500.0
833	1609.0
834	1405.0
835	509.8
836	220.8
837	871.6
838	1288.0
839	1275.0
840	1072.0
841	259.0
842	223.9
843	1042.0
844	532.8
845	666.0
846	1391.0
847	1820.0
848	1764.0
849	1591.0
850	1315.0
851	953.3
852	180.3
853	1124.0
854	1064.0
855	931.9
856	1228.0
857	987.9
858	36.9
859	88.12
860	690.0
861	617.5
862	1270.0
863	1314.0
864	1821.0
865	1897.0
866	1773.0
867	1808.0
868	1423.0
869	1006.0
870	628.6
871	570.0
872	825.0
873	984.4
874	1179.0
875	1336.0
876	125.0
877	23.66
878	539.8
879	705.9
880	796.6
881	1290.0
882	1461.0
883	1679.0
884	1846.0
885	1370.0
886	909.4
887	221.2
888	145.8
889	985.7
890	764.7
891	1201.0
892	1143.0
893	347.4
894	23.32
895	740.5
896	521.5
897	1022.0
898	917.4
899	1597.0
900	1730.0
901	1586.0
902	1446.0
903	1022.0
904	458.0
905	416.0
906	926.8
907	804.0
908	902.3
909	49.81
910	72.45
911	818.9
912	719.9
913	774.3
914	1260.0
915	1387.0
916	1247.0
917	1196.0
918	1243.0
919	1353.0
920	1265.0
921	522.6
922	186.5
923	767.8
924	928.4
925	990.2
926	769.2
927	883.8
928	262.0
929	490.8
930	782.0
931	888.9
932	1243.0
933	1444.0
934	1521.0
935	1734.0
936	1122.0
937	838.8
938	705.7
939	390.0
940	792.4
941	500.3
942	985.2
943	798.1
944	81.19
945	1861.0
946	165.1
947	642.2
948	862.8
949	1178.0
950	1378.0
951	1646.0
952	1852.0
953	1091.0
954	845.0
955	1162.0
956	477.1
957	597.6
958	1205.0
959	1053.0
960	1281.0
961	1283.0
962	296.4
963	57.94
964	903.3
965	653.1
966	975.4
967	1617.0
968	1938.0
969	1833.0
970	1183.0
971	1302.0
972	1035.0
973	570.9
974	188.7
975	1012.0
976	824.7
977	1088.0
978	772.4
979	817.3
980	14.34
981	36.72
982	199.4
983	468.4
984	263.1
985	614.6
986	608.9
987	541.3
988	1781.0
989	1796.0
990	1585.0
991	1827.0
992	1241.0
993	340.1
994	320.5
995	1109.0
996	1207.0
997	972.8
998	105.7
999	32.18
1000	76.13
1001	931.0
1002	604.1
1003	777.7
1004	975.2
1005	1365.0
1006	1689.0
1007	1035.0
1008	1436.0
1009	1493.0
1010	161.8
1011	392.5
1012	974.9
1013	950.0
1014	1138.0
1015	550.3
1016	9.048
1017	13.82
1018	580.0
1019	509.7
1020	626.9
1021	242.5
1022	1061.0
1023	1385.0
1024	1349.0
1025	1310.0
1026	768.6
1027	591.9
1028	473.2
1029	876.4
1030	777.8
1031	867.0
1032	196.2
1033	45.12
1034	176.4
1035	891.7
1036	542.4
1037	984.8
1038	1072.0
1039	1402.0
1040	1387.0
1041	1060.0
1042	1260.0
1043	541.5
1044	231.2
1045	675.0
1046	1017.0
1047	1159.0
1048	867.8
1049	5.383
1050	40.84
1051	551.2
1052	261.6
1053	1003.0
1054	1057.0
1055	1135.0
1056	1662.0
1057	1564.0
1058	1748.0
1059	1426.0
1060	836.0
1061	121.5
1062	796.2
1063	697.1
1064	973.8
1065	854.5
1066	25.63
1067	133.0
1068	958.3
1069	643.6
1070	1110.0
1071	1479.0
1072	1681.0
1073	831.0
1074	1135.0
1075	1120.0
1076	1232.0
1077	1297.0
1078	528.8
1079	340.5
1080	215.2
1081	820.3
1082	1005.0
1083	1059.0
1084	37.12
1085	338.8
1086	881.8
1087	543.6
1088	964.7
1089	1583.0
1090	1354.0
1091	1637.0
1092	1419.0
1093	1089.0
1094	541.6
1095	419.9
1096	565.2
1097	738.1
1098	1115.0
1099	783.7
1100	1130.0
1101	837.1
1102	809.4
1103	1168.0
1104	928.0
1105	682.3
1106	1430.0
1107	1409.0
1108	1426.0
1109	1870.0
1110	1576.0
1111	1563.0
1112	1362.0
1113	387.3
1114	353.5
1115	927.9
1116	995.0
1117	943.9
1118	869.0
1119	680.4
1120	270.1
1121	216.7
1122	375.4
1123	604.5
1124	972.8
1125	878.7
1126	1075.0
1127	1327.0
1128	1531.0
1129	1576.0
1130	1385.0
1131	648.6
1132	339.2
1133	511.4
1134	564.9
1135	600.8
1136	804.1
1137	146.8
1138	369.3
1139	793.4
1140	575.6
1141	1033.0
1142	1240.0
1143	1791.0
1144	1725.0
1145	1040.0
1146	1432.0
1147	1444.0
1148	492.7
1149	198.7
1150	494.5
1151	945.5
1152	1137.0
1153	1211.0
1154	843.5
1155	309.8
1156	603.7
1157	963.1
1158	592.3
1159	1052.0
1160	1507.0
1161	1954.0
1162	1836.0
1163	1289.0
1164	1378.0
1165	1396.0
1166	930.8
1167	389.7
