22002.932546834934	750	4.0	2.7039540741785544	450283	2703.9540741785545	0.015213923	-10.877002518967783
22004.956051151334	750	5.976495683599848	0.0	398865	2023.504316400153	0.037838623	0.75
22006.57027091899	750	8.362275915944526	0.0	350812	1614.2197676553199	0.006147585	0.75
22008.28023070545	750	10.652316129483326	0.0	382355	1709.9597864611994	0.018402088	0.75
22011.041534654258	750	11.891012180679297	0.0	411561	2761.303948804029	0.009181618	0.75
22013.89029516032	750	13.042251674615965	0.0	318564	2848.7605060633327	0.03677577	0.75
22016.427870560965	750	14.50467627396963	0.0	352642	2537.575400646334	0.4646778	0.75
22020.902206236642	750	14.030340598292385	0.0	437162	4474.335675677246	0.6071628	0.75
22023.278761231693	300	15.653785603239276	0.0	150710	2376.55499505311	0.47218767	-0.15000000000000002
22024.24576318922	300	18.686783645710136	0.0	139105	967.0019575291399	0.009131839	0.3
22025.239872952094	300	21.69267388284091	0.0	141840	994.109762869225	0.11166792	0.3
22026.273969280395	300	24.65857755453744	0.0	156148	1034.0963283034703	0.15680964	0.3
22027.39366261739	300	27.53888421754563	0.0	160746	1119.6933369918133	0.1835663	0.3
22029.97939039644	750	28.953156438496837	0.0	434409	2585.727779048793	0.53305435	0.3
22032.03346093729	750	30.899085897642987	0.0	337059	2054.0705408538483	0.008471044	0.75
22034.06445929238	750	32.86808754255116	0.0	366214	2030.9983550918291	0.004719366	0.75
22035.901075912378	750	35.03147092255451	0.0	360831	1836.6166199966565	0.00978573	0.75
22037.628801219882	750	37.303745615051504	0.0	372963	1727.7253075030037	0.12550414	0.75
22040.589507185854	1200	38.343039649077596	0.0	639204	2960.705965973912	0.69681865	0.75
22043.450773976365	1200	39.48177285856924	0.0	586839	2861.2667905083595	0.00624239	1.2
22047.77127189059	1200	39.16127494434392	0.0	601738	4320.497914225316	0.004705182	1.2
22053.37412090584	1200	37.5584259290922	0.0	616206	5602.849015251721	0.016586589	1.2
22057.91430021545	1200	37.01824661948194	0.0	656471	4540.1793096102665	0.109399304	1.2
22060.37295424021	1200	38.559592594721735	0.0	536667	2458.654024760209	0.027607825	1.2
22066.948758131937	1200	35.98378870299772	0.0	587236	6575.803891724012	0.004705182	1.2
22074.88911346695	1200	32.04343336798209	0.0	590335	7940.35533501563	0.1477909	1.2
22081.722192076442	1200	29.210354758491594	0.0	696376	6833.078609490496	0.6923401	1.2
22083.57691806023	750	31.355628774706112	0.0	277716	1854.7259837854838	0.62845904	0.3
22086.417516503778	750	32.51503033115707	0.0	400396	2840.598443549042	0.15740983	0.75
22088.990522474414	750	33.94202436051837	0.0	400508	2573.005970638707	0.14791457	0.75
22093.061686035224	1200	33.87086079971225	0.0	570392	4071.1635608061233	0.5132365	0.75
22096.42295523288	1200	34.50959160205282	0.0	620283	3361.2691976594165	0.01139314	1.2
22100.810246562418	1200	34.12230027251537	0.0	584349	4387.291329537451	0.004705182	1.2
22105.301032940075	1200	33.63151389485887	0.0	670129	4490.786377656502	0.008674326	1.2
22111.64148681648	1200	31.291060018452146	0.0	690253	6340.4538764067265	0.004705182	1.2
22115.312853427004	1200	31.61969340792867	0.0	598727	3671.3666105234784	0.008303854	1.2
22119.31157701922	1200	31.62096981571614	0.0	487812	3998.72359221253	0.004705182	1.2
22122.67566981787	1200	32.25687701706559	0.0	575591	3364.0927986505526	0.0048190253	1.2
22126.243189388726	1200	32.68935744620838	0.0	605884	3567.5195708572073	0.004705182	1.2
22135.723740749036	1200	27.20880608589965	0.0	587506	9480.551360308731	0.008309499	1.2
22143.653239596293	1200	23.279307238643977	0.0	566904	7929.498847255673	0.084985524	1.2
22150.8757248254	1200	20.05682200953685	0.0	641452	7222.485229107124	0.1417393	1.2
22155.46443621532	1200	19.46811061962081	0.0	599477	4588.711389916042	0.2043036	1.2
22159.31245564121	1200	19.620091193730033	0.0	634861	3848.019425890775	0.032747507	1.2
22162.645935380246	1200	20.286611454694945	0.0	630203	3333.4797390350845	0.0047965604	1.2
22165.784325494584	1200	21.148221340356265	0.0	638661	3138.3901143386847	0.004705182	1.2
22168.527803398585	1200	22.404743436352277	0.0	538612	2743.477904003985	0.020602688	1.2
22171.037953263247	1200	23.89459357169184	0.0	550906	2510.1498646604373	0.032663133	1.2

