4412.091096818838	750	4.0	4.127748728925795	450283	4127.748728925795	0.0072946465	-16.999319534380916
4414.715036552951	300	5.376060265887466	0.0	155580	2623.939734112534	0.16317338	-0.15000000000000002
4415.831630039211	300	8.259466779627365	0.0	139857	1116.593486260102	0.0050257156	0.3
4416.8999907702355	300	11.19110604860217	0.0	155432	1068.3607310251944	0.009574688	0.3
4417.936449053258	300	14.154647765580098	0.0	163442	1036.4582830220731	0.16778646	0.3
4418.674474677833	300	17.416622141005092	0.0	126289	738.0256245750018	0.46581945	0.3
4419.560836232922	300	20.530260585915766	0.0	153295	886.3615550893251	0.20700774	0.3
4420.550648911054	300	23.540447907783108	0.0	173849	989.8126781326581	0.25557506	0.3
4421.435619010917	300	26.65547780791987	0.0	150710	884.9700998632395	0.49635214	0.3
4422.320701670868	300	29.77039514796912	0.0	139105	885.0826599507542	0.68857354	0.3
4424.781725169926	750	31.309371648911895	0.0	353220	2461.0234990572203	0.60861623	0.3
4427.462756920821	750	32.62833989801714	0.0	405134	2681.031750894759	0.009551878	0.75
4430.520404187462	750	33.57069263137567	0.0	386351	3057.6472666414643	0.0047472576	0.75
4434.614420424327	750	33.47667639451079	0.0	434409	4094.016236864883	0.004718174	0.75
4439.43260909492	750	32.658487723918235	0.0	337059	4818.188670592559	0.005315381	0.75
4444.921906178698	750	31.169190640140346	0.0	366214	5489.297083777885	0.015525896	0.75
4447.810107344081	750	32.28098947475669	0.0	360831	2888.2011653836566	0.019523745	0.75
4450.7263604814525	750	33.36473633738594	0.0	372963	2916.253137370754	0.004705182	0.75
4453.137041256619	750	34.954055562218876	0.0	405596	2410.680775167064	0.004705182	0.75
4455.871862280543	750	36.219234538295815	0.0	350713	2734.821023923061	0.0142510105	0.75
4457.646071678563	750	38.44502514027546	0.0	386472	1774.209398020356	0.009020098	0.75
4460.279694004839	1200	39.81140281399888	0.0	616206	2633.622326276581	0.6624197	0.75
4462.808274452514	1200	41.28282236632421	0.0	656471	2528.5804476746735	0.004705182	1.2
4464.894277970418	1200	43.19681884842007	0.0	536667	2086.0035179041342	0.004705182	1.2
4467.016406412499	1200	45.074690406339734	0.0	587236	2122.128442080344	0.0076746256	1.2
4469.537541613459	1200	46.55355520537915	0.0	590335	2521.1352009605826	0.051313154	1.2
4471.946017993759	1200	48.14507882508003	0.0	696376	2408.476380299125	0.048941173	1.2
4475.335651145575	2850	48.75544567326372	0.0	1141971	3389.6331518163047	0.19540893	1.2000000000000002
4479.395898305602	2850	48.69519851323727	0.0	1498470	4060.247160026444	0.006157758	2.85
4484.428494216974	2850	47.662602601864656	0.0	1561263	5032.59591137261	0.01916484	2.85
4490.579294866582	2850	45.51180195225644	0.0	1341201	6150.800649608215	0.014581185	2.85
4495.537369873167	2850	44.55372694567202	0.0	1497683	4958.075006584424	0.004705182	2.85
4499.836933787982	2850	44.25416303085679	0.0	1358081	4299.563914815226	0.0065126214	2.85
4508.136016211269	2850	39.95508060757014	0.0	1587293	8299.08242328665	0.008370147	2.85
4517.563928561583	2850	34.527168257255866	0.0	1492672	9427.91235031428	0.004705182	2.85
4525.234426100162	2850	30.85667071867745	0.0	1439896	7670.497538578412	0.004705182	2.85
4532.255313912661	2850	27.835782906178764	0.0	1139291	7020.887812498686	0.004705182	2.85
4537.554991348605	2850	26.53610547023451	0.0	1499009	5299.677435944253	0.004705182	2.85
4543.049996570753	2850	25.041100248086114	0.0	1427478	5495.005222148398	0.004705182	2.85
4548.609807885558	2850	23.481288933280965	0.0	1402287	5559.811314805151	0.004705182	2.85
4554.704853008486	2850	21.386243810354237	0.0	1339500	6095.045122926726	0.004705182	2.85
4562.895854921054	2850	17.195241897785092	0.0	1527299	8191.001912569147	0.004705182	2.85
4567.895291172714	2850	16.19580564612559	0.0	1343002	4999.436251659501	0.012039442	2.85
4576.177570662455	2850	11.913526156384428	0.0	1587250	8282.27948974116	0.004705182	2.85
4578.842229473343	1200	13.24886734549636	0.0	630203	2664.6588108880696	0.26925257	-0.44999999999999996
4581.177512085485	1200	14.913584733353794	0.0	638661	2335.2826121425664	0.0052309427	1.2
4585.942115540839	2850	14.148981278000134	0.0	1231456	4764.603455353658	0.6232551	1.2000000000000002
4589.307225045398	2850	14.78387177344134	0.0	1364537	3365.109504558794	0.004705182	2.85

