4063.8855012438266	750	4.0	6.835416697573638	450283	6835.416697573638	0.44646916	-28.642291799566642
4067.1920394658896	300	4.693461777936518	0.0	155580	3306.5382220634815	0.004705182	-0.15000000000000002
4069.3783568238327	300	6.507144419993679	0.0	139857	2186.3173579428385	0.004705182	0.3
4071.4141725976774	300	8.471328646148999	0.0	155432	2035.8157738446798	0.004705182	0.3
4073.187482998238	300	10.698018245588635	0.0	163442	1773.310400560364	0.004705182	0.3
4075.185413568104	300	12.700087675722632	0.0	126289	1997.9305698660023	0.010312398	0.3
4076.549118507692	300	15.336382736134434	0.0	153295	1363.7049395881982	0.004705182	0.3
4078.0253664854554	300	17.860134758370997	0.0	173849	1476.2479777634353	0.004705182	0.3
4079.3821044783567	300	20.503396765469446	0.0	150710	1356.7379929015528	0.006062085	0.3
4080.5500393438206	300	23.33546190000575	0.0	139105	1167.9348654636954	0.013871884	0.3
4081.591321118355	300	26.294180125470902	0.0	141840	1041.281774534847	0.039078906	0.3
4084.2047934272177	750	27.6807078166082	0.0	405134	2613.472308862701	0.15660863	0.3
4086.814194834684	750	29.071306409141997	0.0	386351	2609.4014074662036	0.10689945	0.75
4090.0013897262047	750	29.88411151762105	0.0	434409	3187.194891520947	0.018346759	0.75
4092.115768654938	750	31.769732588887567	0.0	337059	2114.378928733484	0.00932463	0.75
4094.516229890809	750	33.369271353016984	0.0	366214	2400.4612358705817	0.004705182	0.75
4096.850970237555	750	35.034531006270925	0.0	360831	2334.7403467460617	0.005140471	0.75
4099.011598689409	750	36.87390255441693	0.0	372963	2160.6284518539946	0.0114761675	0.75
4102.066548710857	750	37.81895253296872	0.0	405596	3054.950021448204	0.06989125	0.75
4104.726541048552	750	39.158960195273814	0.0	350713	2659.9923376949046	0.037428483	0.75
4108.082681562556	750	39.802819681269256	0.0	386472	3356.140514004562	0.0612426	0.75
4111.457721459012	750	40.42777978481387	0.0	399894	3375.0398964553856	0.040818907	0.75
4114.304886769201	750	41.580614474624355	0.0	401853	2847.1653101895213	0.08272362	0.75
4116.92416399603	750	42.961337247796266	0.0	343800	2619.2772268280864	0.39124265	0.75
4119.027607913798	750	44.85789333002776	0.0	359903	2103.4439177685035	0.5050363	0.75
4122.870207720863	1200	45.0152935229631	0.0	590335	3842.5998070646588	0.28768292	0.75
4126.511951227536	1200	45.37355001628985	0.0	696376	3641.7435066732473	0.0057464447	1.2
4129.150320452245	1200	46.73518079158094	0.0	487160	2638.3692247089043	0.0048189424	1.2
4132.178853534554	1200	47.70664770927229	0.0	622896	3028.533082308646	0.004705182	1.2
4135.603572594752	1200	48.28192864907323	0.0	641447	3424.7190601990665	0.008675002	1.2
4139.5798050154135	1200	48.30569622841257	0.0	570392	3976.2324206606545	0.01618589	1.2
4144.570795610379	1200	47.31470563344655	0.0	620283	4990.990594966014	0.010002665	1.2
4149.3481241565205	1200	46.53737708730536	0.0	584349	4777.328546141194	0.0071937377	1.2
4156.8205439043595	1200	43.06495733946637	0.0	670129	7472.41974783899	0.0057677864	1.2
4161.149786993092	1200	42.73571425073395	0.0	690253	4329.243088732415	0.004705182	1.2
4165.540497937864	1200	42.34500330596202	0.0	598727	4390.710944771932	0.004705182	1.2
4169.65135812961	1200	42.23414311421491	0.0	487812	4110.860191747109	0.0056709433	1.2
4175.080023016263	1200	40.805478227563036	0.0	575591	5428.6648866518735	0.004705182	1.2
4181.436520350459	1200	38.44898089336635	0.0	605884	6356.4973341966925	0.0047062547	1.2
4186.579751886748	1200	37.30574935707748	0.0	587506	5143.231536288866	0.004705182	1.2
4192.020142192892	1200	35.865359050932895	0.0	566904	5440.390306144587	0.004705182	1.2
4197.436594231214	1200	34.44890701261088	0.0	641452	5416.452038322015	0.004705182	1.2
4201.712850248594	1200	34.172650995231216	0.0	599477	4276.256017379658	0.004893459	1.2
4205.895803432788	1200	33.98969781103697	0.0	634861	4182.953184194252	0.0059340606	1.2
4213.133595290807	1200	30.751905953018067	0.0	630203	7237.791858018902	0.017201286	1.2
4217.970363993816	1200	29.91513725000932	0.0	638661	4836.768703008748	0.004705182	1.2
4223.009985265534	1200	28.875515978291215	0.0	538612	5039.621271718104	0.012903139	1.2
4227.818723958195	1200	28.066777285630472	0.0	550906	4808.738692660743	0.004710784	1.2

