17946.13733930334	750	4.0	4.746018619318359	450283	4746.018619318359	0.023709694	-19.65788006306894
17947.438494394333	300	6.698844909008274	0.0	155580	1301.1550909917264	0.022201791	-0.15000000000000002
17948.626382171755	300	9.510957131585016	0.0	139857	1187.8877774232599	0.10794186	0.3
17950.012260983745	300	12.125078319591939	0.0	155432	1385.8788119930766	0.008380769	0.3
17951.411474128727	300	14.725865174612448	0.0	163442	1399.2131449794917	0.054139026	0.3
17952.439295922777	300	17.698043380560325	0.0	126289	1027.8217940521236	0.123768546	0.3
17953.768450742646	300	20.368888560692216	0.0	153295	1329.1548198681082	0.03798427	0.3
17955.155972120167	300	22.981367183172257	0.0	173849	1387.5213775199597	0.026527766	0.3
17956.532268839874	300	25.6050704634665	0.0	150710	1376.2967197057546	0.07164933	0.3
17957.614597439384	300	28.52274186395854	0.0	139105	1082.3285995079596	0.16969718	0.3
17958.744135961166	300	31.393203342173912	0.0	141840	1129.5385217846303	0.34532103	0.3
17960.13393787909	300	34.00340142425209	0.0	156148	1389.801917921824	0.5771289	0.3
17961.558619292453	300	36.57872001088709	0.0	160746	1424.6814133649993	0.6860096	0.3
17965.051147216647	750	37.086192086691405	0.0	434409	3492.527924195683	0.32284734	0.3
17968.705378063747	750	37.4319612395924	0.0	337059	3654.2308470990124	0.0047151945	0.75
17972.504382734296	750	37.6329565690425	0.0	366214	3799.004670549899	0.00478339	0.75
17975.884574971846	750	38.25276433149142	0.0	360831	3380.1922375510844	0.004705182	0.75
17978.293982987332	750	39.84335631600559	0.0	372963	2409.4080154858275	0.004705182	0.75
17980.802820076224	750	41.33451922711628	0.0	405596	2508.8370888893096	0.011056324	0.75
17983.43780737538	750	42.69953192796108	0.0	350713	2634.9872991551997	0.062097482	0.75
17986.295101603275	750	43.84223770006625	0.0	386472	2857.294227894835	0.08943146	0.75
17989.237735738654	750	44.89960356468616	0.0	399894	2942.634135380098	0.2527374	0.75
17992.60994698703	750	45.52739231630701	0.0	401853	3372.2112483791493	0.49053016	0.75
17995.12363738736	750	47.01370191597895	0.0	343800	2513.6904003280542	0.49132416	0.75
18000.058634406574	1200	46.078704896766496	0.0	587236	4934.99701921245	0.6841748	0.75
18004.939348245432	1200	45.19799105791025	0.0	590335	4880.713838856243	0.019091386	1.2
18012.873724619654	1200	41.26361468368711	0.0	696376	7934.37637422314	0.012517805	1.2
18018.77188346573	1200	39.3654558376057	0.0	487160	5898.158846081407	0.13839579	1.2
18025.0325423693	1200	37.10479693403889	0.0	622896	6260.658903566816	0.3226779	1.2
18032.070125445385	1200	34.06721385795367	0.0	641447	7037.583076085221	0.21236914	1.2
18039.60121269986	1200	30.53612660347622	0.0	570392	7531.08725447745	0.32757512	1.2
18052.392824936363	1200	21.744514366974073	0.0	620283	12791.612236502146	0.69012433	1.2
18065.820765103163	750	12.316574200175602	0.0	369834	13427.940166798471	0.009198361	0.3
18071.217588786396	300	10.919750516938304	0.0	163444	5396.823683237298	0.004705182	-0.15000000000000002
18076.335159695158	300	9.802179608174324	0.0	179328	5117.57090876398	0.004705182	0.3
18081.50887790708	300	8.628461396254606	0.0	159914	5173.718211919717	0.004705182	0.3
18085.942843591434	300	8.194495711901281	0.0	131610	4433.965684353325	0.004705182	0.3
18088.350161299946	300	9.787178003387606	0.0	124011	2407.3177085136763	0.004705182	0.3
18090.687198649317	300	11.450140654018469	0.0	144254	2337.037349369137	0.004705182	0.3
18093.421347414063	300	12.715991889271685	0.0	149991	2734.1487647467848	0.004705182	0.3
18096.364929022504	300	13.77241028083433	0.0	147968	2943.5816084373537	0.004705182	0.3
18100.470259065773	300	13.667080237564555	0.0	161857	4105.330043269776	0.0055619827	0.3
18104.748970909903	300	13.388368393438544	0.0	145210	4278.711844126009	0.0063349744	0.3
18109.271091837156	300	12.866247466183466	0.0	172312	4522.120927255079	0.0077068885	0.3
18114.232789432757	300	11.904549870582413	0.0	167025	4961.697595601054	0.0068621584	0.3
18116.318366228843	300	13.818973074497219	0.0	160064	2085.5767960851945	0.0047913725	0.3
18117.23097297577	300	16.906366327571543	0.0	137507	912.6067469256719	0.056269042	0.3
18118.491061922716	750	19.64627738062672	0.0	314107	1260.0889469448239	0.030905057	0.3

