19891.959779188157	750	4.0	7.528019682657206	450283	7528.0196826572055	0.0053338385	-31.62048463542598
19894.256133441224	300	5.7036457469296495	0.0	155580	2296.3542530703508	0.004705182	-0.15000000000000002
19896.261339112676	300	7.698440075476701	0.0	139857	2005.2056714529485	0.004705182	0.3
19898.659183866424	300	9.300595321732349	0.0	155432	2397.844753744352	0.004705182	0.3
19902.022798822574	300	9.936980365581523	0.0	163442	3363.614956150826	0.004705182	0.3
19904.273590843644	300	11.686188344512361	0.0	126289	2250.792021069161	0.004705182	0.3
19906.959210894387	300	13.000568293767628	0.0	153295	2685.6200507447343	0.004705182	0.3
19909.806751086962	300	14.153028101193177	0.0	173849	2847.5401925744527	0.004705182	0.3
19912.078739198692	300	15.881039989461582	0.0	150710	2271.988111731594	0.004705182	0.3
19913.871053209543	300	18.088725978610956	0.0	139105	1792.3140108506266	0.004705182	0.3
19915.43773572949	300	20.522043458665642	0.0	141840	1566.6825199453172	0.004705182	0.3
19916.77383551433	300	23.185943673824937	0.0	156148	1336.0997848407035	0.0047315876	0.3
19918.607722387464	300	25.35205680069283	0.0	160746	1833.8868731321086	0.012047021	0.3
19920.543972503656	300	27.415806684501064	0.0	179801	1936.250116191764	0.011505797	0.3
19922.223836184876	300	29.735943003282383	0.0	140051	1679.8636812186803	0.031313237	0.3
19923.674360387366	300	32.285418800789806	0.0	138313	1450.5242024925806	0.100841776	0.3
19925.085138140515	300	34.874641047641646	0.0	143509	1410.777753148164	0.39939314	0.3
19929.10011348953	750	34.85966569862583	0.0	372963	4014.9753490158096	0.6948701	0.3
19933.747148408278	750	34.21263077987771	0.0	405596	4647.034918748122	0.0097359335	0.75
19937.961663697788	750	33.99811549037165	0.0	350713	4214.515289506061	0.007526935	0.75
19942.970294990715	750	32.989484197444646	0.0	386472	5008.631292927005	0.005727854	0.75
19949.275943972847	750	30.683835215311642	0.0	399894	6305.6489821330015	0.005049953	0.75
19954.4242488652	750	29.535530322959108	0.0	401853	5148.304892352536	0.010459071	0.75
19959.11716011865	750	28.842619069510587	0.0	343800	4692.91125344852	0.0051066433	0.75
19963.025267305547	750	28.934511882611396	0.0	359903	3908.1071868991885	0.004705182	0.75
19967.681398377874	750	28.278380810285796	0.0	379700	4656.131072325602	0.004705182	0.75
19972.461708083203	750	27.49807110495418	0.0	425781	4780.309705331612	0.004705182	0.75
19975.894580917266	750	28.065198270894623	0.0	277716	3432.872834059559	0.004705182	0.75
19980.653361586028	750	27.306417602131624	0.0	400396	4758.780668763002	0.004705182	0.75
19985.586048026973	750	26.37373116118688	0.0	400508	4932.686440944744	0.004705182	0.75
19989.62460410742	750	26.335175080736015	0.0	358218	4038.556080450863	0.004705182	0.75
19994.00842654475	750	25.951352643403148	0.0	400322	4383.822437332867	0.004705182	0.75
19998.186588108318	750	25.773191079839165	0.0	369834	4178.161563563984	0.004705182	0.75
20003.778386707232	750	24.18139248092208	0.0	412837	5591.798598917085	0.004705182	0.75
20008.29581986218	750	23.663959325971387	0.0	401088	4517.433154950692	0.004705182	0.75
20011.73647775014	750	24.223301438016062	0.0	365161	3440.6578879553285	0.0052305884	0.75
20015.095305354473	750	24.864473833681565	0.0	321064	3358.8276043344963	0.01394434	0.75
20018.815353090795	750	25.14442609735748	0.0	361565	3720.047736324081	0.009669434	0.75
20022.530948709413	750	25.428830478740085	0.0	378327	3715.5956186173967	0.025949398	0.75
20027.372673655493	750	24.587105532662687	0.0	390680	4841.724946077395	0.07349161	0.75
20030.498365507432	750	25.461413680721083	0.0	345516	3125.691851941605	0.028837744	0.75
20033.85175971531	750	26.108019472842564	0.0	384505	3353.3942078785176	0.17539717	0.75
20037.33634369569	750	26.623435492463038	0.0	372093	3484.5839803795247	0.54661983	0.75
20041.870582057047	750	26.089197131104616	0.0	438281	4534.2383613584225	0.66189826	0.75
20046.60304758768	750	25.35673160047392	0.0	398987	4732.465530630691	0.68786347	0.75
20050.095294228395	750	25.864484959759476	0.0	393804	3492.246640714447	0.58757687	0.75
20054.075687219232	1200	25.884091968919417	0.0	538612	3980.39299084006	0.45609334	0.75
20057.90754695805	1200	26.052232230102515	0.0	550906	3831.8597388168987	0.005393798	1.2

