14404.035458416432	750	4.0	6.6911010369313795	450283	6691.10103693138	0.005217806	-28.021734458804932
14405.874520936737	300	6.160937479695716	0.0	155580	1839.0625203042848	0.004705182	-0.15000000000000002
14407.243542458076	300	8.791915958355675	0.0	139857	1369.0215213400395	0.004705182	0.3
14408.490301788068	300	11.545156628364916	0.0	155432	1246.7593299907599	0.004705182	0.3
14409.66622412899	300	14.369234287440888	0.0	163442	1175.9223409240274	0.019308856	0.3
14410.647098782862	300	17.38835963357115	0.0	126289	980.8746538697418	0.12289129	0.3
14412.301580048364	300	19.73387836806929	0.0	153295	1654.4812655018584	0.018163815	0.3
14414.502815531452	300	21.53264288498172	0.0	173849	2201.2354830875693	0.008636934	0.3
14415.902905039049	300	24.132553377382756	0.0	150710	1400.0895075989633	0.009186525	0.3
14417.899774697611	300	26.135683718821276	0.0	139105	1996.8696585614773	0.076703876	0.3
14420.500190158287	300	27.53526825814596	0.0	141840	2600.415460675318	0.028496014	0.3
14424.556444836884	300	27.479013579547996	0.0	156148	4056.254678597964	0.0142162815	0.3
14428.896333412713	300	27.139125003719585	0.0	160746	4339.888575828408	0.007656259	0.3
14433.440615981628	300	26.59484243480418	0.0	179801	4544.28256891541	0.004705182	0.3
14438.257501730199	300	25.777956686233637	0.0	140051	4816.88574857054	0.004705182	0.3
14443.096050812386	300	24.93940760404564	0.0	138313	4838.549082187995	0.004705182	0.3
14446.944047627325	300	25.091410789107	0.0	143509	3847.996814938639	0.004705182	0.3
14451.184356507387	300	24.851101909044743	0.0	150616	4240.308880062256	0.004705182	0.3
14455.112209850013	300	24.923248566417758	0.0	165384	3927.8533426269873	0.004720841	0.3
14457.795951354372	300	26.239507062059204	0.0	140881	2683.741504358554	0.0056368974	0.3
14460.427571329052	300	27.607887087378696	0.0	157671	2631.619974680511	0.008720821	0.3
14463.168695134185	300	28.866763282245085	0.0	157812	2741.1238051336104	0.022000747	0.3
14466.54646828619	300	29.488990130239458	0.0	163927	3377.7731520056263	0.05272766	0.3
14470.24632972071	300	29.789128695718187	0.0	137654	3699.861434521269	0.10641994	0.3
14472.809681125133	300	31.22577729129688	0.0	146754	2563.351404421308	0.19820845	0.3
14474.023091702207	300	34.01236671422112	0.0	153938	1213.4105770757567	0.51449704	0.3
14476.682188201898	750	35.35327021453296	0.0	425781	2659.0964996881576	0.062082015	0.3
14478.613690575767	750	37.42176784066311	0.0	277716	1931.5023738698521	0.030146262	0.75
14481.00370909969	750	39.031749316740424	0.0	400396	2390.0185239226835	0.09960701	0.75
14485.239238686767	1200	38.79621972966416	0.0	641447	4235.529587076263	0.57841194	0.75
14489.12759238609	1200	38.90786603033882	0.0	570392	3888.3536993253388	0.0074440385	1.2
14493.138130000638	1200	38.89732841579275	0.0	620283	4010.5376145460746	0.005559037	1.2
14496.371392148136	1200	39.66406626829511	0.0	584349	3233.2621474976436	0.004705182	1.2
14500.468603026968	1200	39.56685538946257	0.0	670129	4097.210878832545	0.004705182	1.2
14504.12378190326	1200	39.91167651317052	0.0	690253	3655.178876292048	0.00540107	1.2
14507.143541951053	1200	40.89191646537673	0.0	598727	3019.760047793791	0.012957084	1.2
14509.649100321876	1200	42.38635809455311	0.0	487812	2505.5583708236204	0.089649305	1.2
14513.076561269832	1200	42.95889714659552	0.0	575591	3427.4609479575865	0.16284047	1.2
14517.464466099815	1200	42.57099231661345	0.0	605884	4387.904829982071	0.26017016	1.2
14522.44754971577	1200	41.58790870066038	0.0	587506	4983.08361595307	0.14258453	1.2
14526.67104433611	1200	41.36441408031827	0.0	566904	4223.494620342117	0.048380114	1.2
14530.319438807634	1200	41.71601960879669	0.0	641452	3648.394471521576	0.06816457	1.2
14533.639743741998	1200	42.39571467443142	0.0	599477	3320.304934365273	0.6784987	1.2
14544.173372655523	2850	35.86208576090683	0.0	1587250	10533.628913524592	0.6358583	1.2000000000000002
14552.59934080495	2850	31.436117611480228	0.0	1464921	8425.968149426599	0.0059344918	2.85
14561.581079075104	2850	26.454379341328437	0.0	1483527	8981.738270151793	0.004705182	2.85
14570.045173129954	2850	21.990285286476276	0.0	1231456	8464.09405485216	0.004705182	2.85
14580.17223055452	2850	15.863227861911003	0.0	1364537	10127.057424565272	0.014986993	2.85

