22709.553876488342	750	4.0	2.752351768226307	450283	2752.351768226307	0.0893212	-11.085112603373119
22712.382921205455	750	5.17095528289082	0.0	398865	2829.0447171091805	0.049297575	0.75
22714.636444110118	750	6.917432378227826	0.0	350812	2253.5229046629934	0.19943252	0.75
22715.7279264449	750	9.825950043445326	0.0	382355	1091.4823347825	0.6828719	0.75
22718.478211605732	750	11.075664882613466	0.0	411561	2750.2851608318597	0.005903974	0.75
22722.86465644591	750	10.689220042434826	0.0	318564	4386.4448401786385	0.03964122	0.75
22724.29303958373	300	13.260836904617644	0.0	153295	1428.3831378171815	0.58581674	-0.15000000000000002
22726.757869397148	300	14.796007091195783	0.0	173849	2464.829813421862	0.12092684	0.3
22729.005459172073	300	16.5484173162702	0.0	150710	2247.5897749255823	0.02149123	0.3
22730.466400617137	300	19.08747587120679	0.0	139105	1460.9414450634051	0.0054562255	0.3
22731.66387235487	300	21.89000413347358	0.0	141840	1197.4717377332095	0.01714828	0.3
22732.678741257543	300	24.87513523080058	0.0	156148	1014.8689026730041	0.0368099	0.3
22733.847184772865	300	27.706691715481128	0.0	160746	1168.4435153194522	0.10344634	0.3
22735.513769567744	300	30.04010692060357	0.0	179801	1666.584794877555	0.20569466	0.3
22737.36868790609	300	32.18518858225701	0.0	140051	1854.918338346557	0.45753315	0.3
22739.40806907858	300	34.14580740976668	0.0	138313	2039.381172490328	0.42982954	0.3
22741.07220607262	300	36.4816704157294	0.0	143509	1664.1369940372895	0.6182074	0.3
22746.93659887178	750	34.617277616567414	0.0	372963	5864.392799161974	0.5662853	0.3
22749.14919074043	750	36.40468574791838	0.0	405596	2212.591868649037	0.15361072	0.75
22750.433218821294	750	39.120657667051375	0.0	350713	1284.028080867004	0.011316806	0.75
22753.24430264074	1200	40.30957384760067	0.0	601738	2811.0838194507087	0.4796693	0.75
22759.195294277117	1200	38.35858221122682	0.0	616206	5950.991636373852	0.010103435	1.2
22763.84265397239	1200	37.71122251595313	0.0	656471	4647.359695273686	0.20000644	1.2
22767.799504754526	1200	37.7543717338182	0.0	536667	3956.8507821349267	0.029689657	1.2
22776.47394815041	1200	33.07992833792983	0.0	587236	8674.443395888371	0.033385243	1.2
22779.118271530497	750	34.43560495784191	0.0	379700	2644.323380087915	0.29272884	0.3
22783.647583275146	750	33.90629321319437	0.0	425781	4529.311744647545	0.18762493	0.75
22787.38303799551	750	34.17083849283253	0.0	277716	3735.454720361833	0.12912679	0.75
22792.011921333455	750	33.541955154886644	0.0	400396	4628.8833379458865	0.009795139	0.75
22798.271932144613	750	31.28194434372921	0.0	400508	6260.010811157433	0.009635737	0.75
22801.215805774194	750	32.338070714148756	0.0	358218	2943.873629580456	0.004826648	0.75
22805.70567001604	750	31.848206472304536	0.0	400322	4489.864241844218	0.04027975	0.75
22808.0869596275	750	33.4669168608417	0.0	369834	2381.289611462833	0.009180515	0.75
22811.34321966277	750	34.2106568255735	0.0	412837	3256.2600352682025	0.6782157	0.75
22813.851950997247	750	35.70192549109595	0.0	401088	2508.7313344775557	0.66029793	0.75
22818.513764035142	1200	35.04011245320291	0.0	598727	4661.81303789304	0.1402485	0.75
22822.727477746004	1200	34.826398742341205	0.0	487812	4213.713710861703	0.0051265815	1.2
22826.927137420138	1200	34.62673906821177	0.0	575591	4199.659674129431	0.00621118	1.2
22832.009056285195	1200	33.54482020315494	0.0	605884	5081.918865056821	0.004705182	1.2
22837.474656299575	1200	32.079220188773164	0.0	587506	5465.600014381783	0.004705182	1.2
22842.494916675776	1200	31.05895981257195	0.0	566904	5020.260376201211	0.004705182	1.2
22847.237758043633	1200	30.31611844471757	0.0	641452	4742.841367854382	0.004705182	1.2
22850.892776132387	1200	30.661100355961608	0.0	599477	3655.0180887559636	0.004705182	1.2
22857.82171777781	1200	27.732158710537114	0.0	634861	6928.941645424493	0.0063546617	1.2
22863.32647079679	1200	26.22740569155786	0.0	630203	5504.753018979255	0.004705182	1.2
22869.613221566236	1200	23.940654922108852	0.0	638661	6286.750769449005	0.004705182	1.2
22874.64615538459	1200	22.907721103754373	0.0	538612	5032.933818354483	0.004705182	1.2
22884.61120648754	1200	16.942670000806636	0.0	550906	9965.051102947735	0.0060617346	1.2

