17574.72271720511	750	4.0	4.264022486880352	450283	4264.022486880352	0.047913194	-17.585296693585512
17575.97629820071	300	6.746419004404097	0.0	155580	1253.5809955959026	0.1017685	-0.15000000000000002
17577.13639075118	300	9.586326453931424	0.0	139857	1160.0925504726724	0.23622598	0.3
17578.711532092293	300	12.011185112819247	0.0	155432	1575.141341112178	0.014614128	0.3
17582.83006979338	300	11.892647411728696	0.0	163442	4118.53770109055	0.044380225	0.3
17586.27352010608	300	12.449197099030972	0.0	126289	3443.450312697726	0.009422897	0.3
17590.336529911823	300	12.386187293283337	0.0	153295	4063.009805747634	0.004705182	0.3
17595.354509677694	300	11.368207527413329	0.0	173849	5017.979765870008	0.004705182	0.3
17599.280512095676	300	11.442205109432708	0.0	150710	3926.002417980623	0.004705182	0.3
17601.388299103775	300	13.334418101334908	0.0	139105	2107.7870080978	0.004705182	0.3
17602.807486884696	300	15.915230320415505	0.0	141840	1419.1877809194025	0.004705182	0.3
17604.274783660676	300	18.44793354443348	0.0	156148	1467.2967759820283	0.004705182	0.3
17605.57637358304	300	21.14634362206992	0.0	160746	1301.5899223635577	0.004705182	0.3
17607.144449981166	300	23.57826722394561	0.0	179801	1568.0763981243128	0.0069512273	0.3
17608.72245930642	300	26.00025789869061	0.0	140051	1578.0093252550014	0.013940386	0.3
17611.162525074975	300	27.560192130136542	0.0	138313	2440.0657685540655	0.020897308	0.3
17613.971163878807	300	28.75155332630571	0.0	143509	2808.6388038308323	0.021388113	0.3
17616.109245145217	300	30.613472059895905	0.0	150616	2138.081266409806	0.046967246	0.3
17617.987302669062	300	32.73541453605088	0.0	165384	1878.057523845026	0.14403822	0.3
17619.41453039854	300	35.308186806573026	0.0	140881	1427.2277294778553	0.4845728	0.3
17622.284864782654	750	36.43785242245858	0.0	386472	2870.334384114434	0.6758923	0.3
17626.505074801804	750	36.21764240331115	0.0	399894	4220.210019147436	0.004705182	0.75
17631.278464441046	750	35.44425276406777	0.0	401853	4773.389639243385	0.004705182	0.75
17633.867424863944	750	36.85529234117332	0.0	343800	2588.9604228944504	0.004705182	0.75
17639.980446644964	750	34.742270560151056	0.0	359903	6113.021781022267	0.010496922	0.75
17644.823951000624	750	33.89876620449322	0.0	379700	4843.50435565783	0.004705182	0.75
17650.10051356468	750	32.62220364043584	0.0	425781	5276.562564057378	0.004705182	0.75
17653.930981968773	750	32.7917352363443	0.0	277716	3830.4684040915454	0.004705182	0.75
17658.26371942614	750	32.45899777897701	0.0	400396	4332.73745736729	0.004705182	0.75
17663.10634469475	750	31.616372510369054	0.0	400508	4842.625268607957	0.004918601	0.75
17667.312757191583	750	31.409960013534416	0.0	358218	4206.412496834636	0.005200641	0.75
17671.22718293887	750	31.495534266247745	0.0	400322	3914.4257472866707	0.006463489	0.75
17674.515025761615	750	32.20769144350249	0.0	369834	3287.842822745258	0.01306292	0.75
17678.282232864713	750	32.44048434040626	0.0	412837	3767.2071030962297	0.06349626	0.75
17682.26170160297	750	32.46101560214974	0.0	401088	3979.4687382565135	0.12674156	0.75
17689.453837616646	1200	29.26887958847273	0.0	598727	7192.136013677015	0.20807728	0.75
17694.502760061634	1200	28.21995714348298	0.0	487812	5048.922444989752	0.50925183	1.2
17699.779753575054	1200	26.9429636300632	0.0	575591	5276.993513419778	0.31705734	1.2
17709.503856223757	1200	21.218860981358954	0.0	605884	9724.102648704247	0.14207476	1.2
17720.40962719996	750	14.313090005156592	0.0	390680	10905.77097620236	0.12383131	0.3
17723.622166491758	300	15.100550713356661	0.0	147968	3212.539291799933	0.105959214	-0.15000000000000002
17727.786549028875	750	14.936168176239526	0.0	384505	4164.382537117135	0.33114085	0.3
17730.85478372495	750	15.867933480163526	0.0	372093	3068.2346960760005	0.00585674	0.75
17737.87384467038	750	12.84887253473555	0.0	438281	7019.060945427976	0.015756873	0.75
17742.460360778972	750	12.26235642614113	0.0	398987	4586.516108594419	0.37522712	0.75
17745.419021817797	750	13.303695387319037	0.0	393804	2958.6610388220947	0.015410028	0.75
17748.489643629553	750	14.233073575559315	0.0	331053	3070.6218117597223	0.036184225	0.75
17753.078015930205	750	13.644701274907234	0.0	314107	4588.3723006520795	0.006649928	0.75

