4593.219952710123	750	4.0	3.9127276647253035	450283	3912.7276647253034	0.004705182	-16.074728958318804
4594.651545730229	300	6.568406979893699	0.0	155580	1431.593020106301	0.33564752	-0.15000000000000002
4595.818046483528	300	9.401906226594866	0.0	139857	1166.500753298834	0.12889661	0.3
4596.966491811287	300	12.253460898835879	0.0	155432	1148.4453277589848	0.017612187	0.3
4598.099760447346	300	15.120192262777211	0.0	163442	1133.2686360586692	0.26328394	0.3
4599.00024372522	300	18.219708984903537	0.0	126289	900.483277873675	0.43498352	0.3
4599.794925998118	300	21.42502671200521	0.0	153295	794.6822728983283	0.11197938	0.3
4600.954619830692	300	24.265332879431735	0.0	173849	1159.6938325734739	0.43096077	0.3
4601.963752321939	300	27.256200388184233	0.0	150710	1009.132491247503	0.3801285	0.3
4604.915851224535	750	28.304101485587708	0.0	362795	2952.0989025965246	0.63324827	0.3
4608.349623465983	750	28.87032924413968	0.0	353220	3433.772241448028	0.14086884	0.75
4612.571202517777	750	28.64875019234513	0.0	405134	4221.579051794551	0.11717018	0.75
4617.25751049913	750	27.962442210993185	0.0	386351	4686.307981351946	0.21257813	0.75
4619.904988108628	750	29.314964601495266	0.0	434409	2647.4776094979156	0.23395543	0.75
4621.867926557887	750	31.352026152236792	0.0	337059	1962.9384492584763	0.0071995887	0.75
4624.085588676242	750	33.13436403388089	0.0	366214	2217.6621183558955	0.004705182	0.75
4626.262982745385	750	34.95696996473809	0.0	360831	2177.394069142802	0.006600519	0.75
4628.366387395664	750	36.853565314458486	0.0	372963	2103.404650279607	0.014357483	0.75
4630.670069148676	750	38.54988356144706	0.0	405596	2303.681753011424	0.110440545	0.75
4632.795448559825	750	40.42450415029797	0.0	350713	2125.379411149088	0.31235912	0.75
4636.664304400751	1200	40.55564830937226	0.0	601738	3868.8558409257157	0.5072058	0.75
4641.712503782188	1200	39.507448927935116	0.0	616206	5048.199381437141	0.031816594	1.2
4650.3875526735565	1200	34.832400036566206	0.0	656471	8675.048891368911	0.11769251	1.2
4653.084064375143	750	36.13588833498045	0.0	343800	2696.5117015857572	0.4174407	0.3
4659.153503328286	750	34.06644938183715	0.0	359903	6069.4389531433	0.03717525	0.75
4662.1575791867635	750	35.06237352335986	0.0	379700	3004.0758584773025	0.004705182	0.75
4665.949456819233	750	35.27049589088982	0.0	425781	3791.8776324700366	0.045047127	0.75
4668.547441797379	750	36.672510912744244	0.0	277716	2597.9849781455778	0.095519744	0.75
4671.95417131087	750	37.265781399253434	0.0	400396	3406.729513490806	0.049256492	0.75
4675.478050470717	750	37.741902239405945	0.0	400508	3523.879159847491	0.16980256	0.75
4678.9716362369345	750	38.24831647318801	0.0	358218	3493.5857662179365	0.23713706	0.75
4686.010333817698	750	35.20961889242481	0.0	400322	7038.697580763206	0.33197537	0.75
4692.854582950563	750	32.365369759560124	0.0	369834	6844.249132864678	0.009762373	0.75
4701.741690920165	750	27.47826178995894	0.0	412837	8887.107969601188	0.0060409848	0.75
4711.180690837764	750	22.039261872359383	0.0	401088	9438.999917599556	0.0048426874	0.75
4723.4068677461	750	13.813084964023878	0.0	365161	12226.176908335507	0.029400764	0.75
4725.344079369512	300	15.875873340612458	0.0	131610	1937.2116234114199	0.004705182	-0.15000000000000002
4727.381841153176	300	17.83811155694807	0.0	124011	2037.7617836643867	0.094233274	0.3
4729.526468717002	300	19.693483993121443	0.0	144254	2144.627563826629	0.11107518	0.3
4731.429945553883	300	21.79000715624122	0.0	149991	1903.4768368802233	0.3066251	0.3
4732.898313592608	300	24.32163911751612	0.0	147968	1468.3680387251006	0.43227315	0.3
4735.808735256131	750	25.411217453993572	0.0	384505	2910.4216635225466	0.008989859	0.3
4739.379333178437	750	25.8406195316875	0.0	372093	3570.5979223060717	0.17452165	0.75
4745.205363454979	750	24.014589255145616	0.0	438281	5826.0302765418855	0.06710473	0.75
4755.637892606834	750	17.58206010329034	0.0	398987	10432.529151855277	0.044517804	0.75
4759.28413741292	300	17.935815297203234	0.0	160064	3646.2448060871075	0.478734	-0.15000000000000002
4770.383666267652	750	10.836286442471785	0.0	331053	11099.528854731449	0.65859	0.3
4773.6537127592865	300	11.566239950837991	0.0	118421	3270.0464916337933	0.004705182	-0.15000000000000002

