3709.270140424879	750	4.0	7.229722006325715	450283	7229.722006325715	0.13404334	-30.337804627200573
3711.7527083916243	300	5.517432033254713	0.0	155580	2482.567966745287	0.004705182	-0.15000000000000002
3714.0033863676276	300	7.266754057251941	0.0	139857	2250.6779760027725	0.004705182	0.3
3717.287200971706	300	7.982939453173061	0.0	155432	3283.8146040788806	0.004705182	0.3
3721.1881434715333	300	8.081996953345817	0.0	163442	3900.9424998272434	0.004705182	0.3
3724.0049286227436	300	9.265211802135669	0.0	126289	2816.785151210147	0.004705182	0.3
3727.252125821264	300	10.018014603615459	0.0	153295	3247.1971985202117	0.004705182	0.3
3729.8138326252865	300	11.456307799592997	0.0	173849	2561.706804022462	0.004705182	0.3
3731.7377132465044	300	13.532427178375375	0.0	150710	1923.8806212176214	0.004705182	0.3
3733.5338354162404	300	15.736305008638867	0.0	139105	1796.1221697365083	0.004705182	0.3
3735.3840687219104	300	17.88607170296915	0.0	141840	1850.2333056697157	0.004705182	0.3
3736.982307541561	300	20.287832883318192	0.0	156148	1598.2388196509605	0.004705182	0.3
3738.362280448349	300	22.90785997653092	0.0	160746	1379.9729067872709	0.0056958706	0.3
3739.699593224007	300	25.570547200872387	0.0	179801	1337.3127756585295	0.015069999	0.3
3740.7989647441864	300	28.471175680693104	0.0	140051	1099.371520179284	0.06495383	0.3
3741.907965834673	300	31.362174590206795	0.0	138313	1109.0010904863068	0.30735558	0.3
3743.045818522519	300	34.22432190236069	0.0	143509	1137.8526878461055	0.695808	0.3
3746.8725556045947	750	34.397584820284955	0.0	372963	3826.737082075743	0.27523762	0.3
3751.086225215128	750	34.18391520975207	0.0	405596	4213.66961053288	0.0070084985	0.75
3753.6748545998475	750	35.59528582503208	0.0	350713	2588.6293847199927	0.0051285187	0.75
3757.153465911542	750	36.11667451333734	0.0	386472	3478.61131169475	0.005342428	0.75
3760.7938291596665	750	36.476311265213184	0.0	399894	3640.3632481241543	0.0049276217	0.75
3766.1648356009828	750	35.10530482389673	0.0	401853	5371.006441316449	0.006556345	0.75
3771.641188081263	750	33.628952343616426	0.0	343800	5476.352480280309	0.004705182	0.75
3778.7295122027035	750	30.54062822217608	0.0	359903	7088.324121440344	0.004705182	0.75
3783.098635593149	750	30.17150483173074	0.0	379700	4369.123390445337	0.0049057673	0.75
3786.6552575981304	750	30.614882826749298	0.0	425781	3556.6220049814438	0.004705182	0.75
3790.390616593487	750	30.879523831393175	0.0	277716	3735.3589953561204	0.006654361	0.75
3797.806019743818	750	27.464120681061964	0.0	400396	7415.403150331215	0.004705182	0.75
3806.0657258092824	750	23.204414615596967	0.0	400508	8259.706065464994	0.00590646	0.75
3811.6536545707945	750	21.616485854085145	0.0	358218	5587.928761511824	0.023727618	0.75
3815.9983659647537	750	21.271774460126387	0.0	400322	4344.711393958759	0.006526041	0.75
3819.2634697371477	750	22.00667068773207	0.0	369834	3265.103772394318	0.004705182	0.75
3824.007210017558	750	21.262930407321676	0.0	412837	4743.7402804103895	0.004705182	0.75
3828.494527559552	750	20.77561286532802	0.0	401088	4487.317541993656	0.004705182	0.75
3831.7652720802917	750	21.50486834458837	0.0	365161	3270.744520739651	0.004705182	0.75
3834.692392828094	750	22.577747596786008	0.0	321064	2927.120747802361	0.009113958	0.75
3840.645702304517	750	20.624438120362985	0.0	361565	5953.309476423024	0.008217041	0.75
3846.9333041926593	750	18.336836232220456	0.0	378327	6287.601888142529	0.004783834	0.75
3855.7723856267116	750	13.49775479816837	0.0	390680	8839.081434052086	0.009118077	0.75
3858.8568132634205	300	14.413327161459476	0.0	147968	3084.4276367088937	0.11897933	-0.15000000000000002
3861.0128647817564	300	16.257275643123634	0.0	161857	2156.051518335843	0.13012332	0.3
3862.8703673421455	300	18.399773082734413	0.0	145210	1857.5025603892213	0.3725832	0.3
3867.905208339008	750	17.364932085872237	0.0	438281	5034.8409968621745	0.6439701	0.3
3870.9469874601673	750	18.32315296471331	0.0	398987	3041.7791211589292	0.006579192	0.75
3873.9333096204723	750	19.336830804408127	0.0	393804	2986.322160305184	0.08818339	0.75
3877.496763602599	750	19.77337682228141	0.0	331053	3563.453982126717	0.3987918	0.75
3880.9623804542	750	20.30775997068042	0.0	314107	3465.616851600992	0.03666865	0.75

