16698.75929173109	750	4.0	1.26305294249572	450283	1263.05294249572	0.006855708	-4.681127652731596
16699.751675879073	750	7.00761585201587	0.0	398865	992.3841479841305	0.004705182	0.75
16700.736787741902	750	10.022503989186353	0.0	350812	985.1118628295166	0.0116043985	0.75
16702.223574253676	750	12.535717477413149	0.0	382355	1486.7865117732042	0.14187756	0.75
16704.16695831201	750	14.59233341907972	0.0	411561	1943.384058333429	0.09816922	0.75
16705.513107348655	750	17.246184382433626	0.0	318564	1346.1490366460964	0.016872419	0.75
16706.84937436725	750	19.90991736383884	0.0	352642	1336.2670185947864	0.020740615	0.75
16708.42706877163	750	22.33222295946018	0.0	437162	1577.6944043786616	0.041304156	0.75
16709.798980723677	750	24.960311007413868	0.0	374758	1371.91195204631	0.6942293	0.75
16711.675640011817	1200	27.08365171927448	0.0	560821	1876.6592881393838	0.48593917	0.75
16713.996072694106	1200	28.76321903698462	0.0	607410	2320.4326822898665	0.006693396	1.2
16716.130384839027	1200	30.628906892064432	0.0	594078	2134.3121449201876	0.007005512	1.2
16718.176739484585	1200	32.58255224650708	0.0	624282	2046.3546455573576	0.004705182	1.2
16720.69197302275	1200	34.0673187083433	0.0	687371	2515.23353816378	0.004705182	1.2
16722.853965917766	1200	35.905325813326876	0.0	526950	2161.9928950164235	0.004705182	1.2
16725.17806840172	1200	37.58122332937259	0.0	587876	2324.1024839542915	0.004705182	1.2
16727.445069778983	1200	39.31422195210906	0.0	617242	2267.0013772635307	0.004705182	1.2
16730.204575064025	1200	40.55471666706769	0.0	581493	2759.5052850413686	0.0065432214	1.2
16732.8857973475	1200	41.87349438359433	0.0	639204	2681.2222834733598	0.004705182	1.2
16735.220899634136	1200	43.53839209695658	0.0	586839	2335.10228663775	0.0061514014	1.2
16737.65573219572	1200	45.10355953537188	0.0	601738	2434.832561584698	0.010729406	1.2
16739.759852580777	1200	46.99943915031573	0.0	616206	2104.1203850561524	0.011907967	1.2
16742.261410445706	1200	48.4978812853849	0.0	656471	2501.5578649308322	0.093796864	1.2
16744.494660017735	1200	50.264631713355904	0.0	536667	2233.2495720289976	0.53338176	1.2
16746.381355423648	1200	52.37793630744462	0.0	587236	1886.6954059112797	0.47436604	1.2
16751.558424926243	2850	51.20086680485019	0.0	1480464	5177.069502594431	0.060406543	1.2000000000000002
16757.6461439985	2850	49.113147732591436	0.0	1547572	6087.719072258757	0.004705182	2.85
16762.621890780974	2850	48.13740095011596	0.0	1141971	4975.746782475479	0.004705182	2.85
16767.553277382613	2850	47.20601434848011	0.0	1498470	4931.386601635852	0.004705182	2.85
16772.402665998183	2850	46.35662573290981	0.0	1561263	4849.388615570297	0.004705182	2.85
16778.977748152152	2850	43.7815435789429	0.0	1341201	6575.08215396691	0.004705182	2.85
16784.69344091822	2850	42.06585081287301	0.0	1497683	5715.692766069895	0.004705182	2.85
16791.186551423853	2850	39.572740307244075	0.0	1358081	6493.110505628939	0.004705182	2.85
16799.76008617372	2850	34.999205557373735	0.0	1587293	8573.534749870334	0.004705182	2.85
16805.41387943962	2850	33.34541229147179	0.0	1492672	5653.793265901946	0.004705182	2.85
16812.299275026242	2850	30.460016704852006	0.0	1439896	6885.395586619783	0.004705182	2.85
16817.05992737828	2850	29.699364352816527	0.0	1139291	4760.652352035477	0.004705182	2.85
16822.282336742515	2850	28.476954988579507	0.0	1499009	5222.409364237023	0.004705182	2.85
16827.21115706901	2850	27.548134662088128	0.0	1427478	4928.820326491378	0.004705182	2.85
16832.712565668277	2850	26.046726062820344	0.0	1402287	5501.408599267782	0.004705182	2.85
16839.511957863582	2850	23.24733386751577	0.0	1339500	6799.39219530457	0.004705182	2.85
16845.636190116515	2850	21.12310161458316	0.0	1527299	6124.232252932614	0.004705182	2.85
16851.123685741542	2850	19.63560598955303	0.0	1343002	5487.495625030129	0.004705182	2.85
16855.176271804175	2850	19.58301992692051	0.0	1587250	4052.586062632521	0.004705182	2.85
16859.24384549219	2850	19.51544623890495	0.0	1464921	4067.5736880155587	0.025986768	2.85
16863.74203063871	2850	19.017261092385628	0.0	1483527	4498.185146519325	0.018413486	2.85
16867.309673128377	2850	19.44961860271818	0.0	1231456	3567.6424896674466	0.06432776	2.85
16873.57157616711	2850	17.18771556398528	0.0	1364537	6261.9030387329	0.08320339	2.85

