8689.534161973043	750	4.0	2.6661221575738243	450283	2666.122157573824	0.07456418	-10.714325277567443
8694.407602047379	750	4.0	0.8734400743357901	398865	4873.44007433579	0.030679077	-3.005792319643897
8697.297518800488	300	5.1100832468904285	0.0	139857	2889.9167531095723	0.02035405	-0.15000000000000002
8700.56234253092	300	5.8452595164565775	0.0	155432	3264.823730433851	0.004705182	0.3
8703.380395754742	300	7.027206292633773	0.0	163442	2818.0532238228047	0.004705182	0.3
8704.855062380508	300	9.552539666868956	0.0	126289	1474.666625764818	0.004705182	0.3
8706.141161421025	300	12.26644062635205	0.0	153295	1286.099040516905	0.004705182	0.3
8707.69222612465	300	14.715375922727599	0.0	173849	1551.0647036244513	0.00513821	0.3
8709.190290685287	300	17.21731136209038	0.0	150710	1498.064560637216	0.006034808	0.3
8710.49402544697	300	19.913576600406284	0.0	139105	1303.7347616840975	0.0050905244	0.3
8711.809634719195	300	22.597967328181923	0.0	141840	1315.6092722243607	0.012363211	0.3
8714.569845487891	300	23.8377565594858	0.0	156148	2760.210768696126	0.02478935	0.3
8718.513145472232	300	23.89445657514445	0.0	160746	3943.299984341348	0.013310384	0.3
8720.03181535857	300	26.375786688806585	0.0	179801	1518.6698863378674	0.0064699803	0.3
8720.807090644117	300	29.600511403258384	0.0	140051	775.2752855481978	0.09439415	0.3
8721.46663002307	300	32.94097202430556	0.0	138313	659.539378952828	0.67118347	0.3
8722.964599921503	750	35.44300212587307	0.0	360831	1497.9698984324905	0.124109074	0.3
8724.52748178927	750	37.88012025810503	0.0	372963	1562.8818677680404	0.48639366	0.75
8728.449480984355	1200	37.9581210630215	0.0	639204	3921.9991950835292	0.25422415	0.75
8732.802165078634	1200	37.60543696874075	0.0	586839	4352.684094280752	0.03620931	1.2
8737.045507138952	1200	37.36209490842425	0.0	601738	4243.342060316503	0.093495645	1.2
8739.47278491605	1200	38.93481713132499	0.0	616206	2427.277777099251	0.08612433	1.2
8742.43838266336	1200	39.969219384015716	0.0	656471	2965.597747309276	0.004705182	1.2
8745.19516938319	1200	41.21243266418587	0.0	536667	2756.7867198298422	0.004705182	1.2
8749.78098088622	1200	40.62662116115631	0.0	587236	4585.811503029569	0.004705182	1.2
8755.174045075366	1200	39.23355697201138	0.0	590335	5393.064189144925	0.004705182	1.2
8757.719212697457	1200	40.68838934992043	0.0	696376	2545.1676220909503	0.008667247	1.2
8759.65526958701	1200	42.752332460368386	0.0	487160	1936.0568895520403	0.0063142073	1.2
8762.34469983013	1200	44.06290221724949	0.0	622896	2689.430243118901	0.006667699	1.2
8765.903702600168	1200	44.50389944721071	0.0	641447	3559.0027700387723	0.029393405	1.2
8772.84055201301	1200	41.567050034367334	0.0	570392	6936.849412843378	0.026098745	1.2
8782.412923092517	1200	35.99467895486016	0.0	620283	9572.371079507167	0.004705182	1.2
8787.513272942619	1200	34.89432910475857	0.0	584349	5100.349850101603	0.025030162	1.2
8796.750146523713	1200	29.657455523665565	0.0	670129	9236.873581093003	0.011512501	1.2
8799.590779319493	1200	30.816822727885278	0.0	690253	2840.6327957802855	0.22125301	1.2
8802.852070275158	1200	31.55553177222125	0.0	598727	3261.290955664028	0.004705182	1.2
8805.650089987805	1200	32.75751205957342	0.0	487812	2798.019712647828	0.004705182	1.2
8811.328740050876	1200	31.078861996502756	0.0	575591	5678.650063070664	0.004705182	1.2
8814.039540782105	1200	32.36806126527342	0.0	605884	2710.8007312293375	0.004705182	1.2
8816.10916289312	1200	34.29843915425906	0.0	587506	2069.6221110143624	0.039978124	1.2
8824.162999125852	2850	30.244602921526347	0.0	1339500	8053.836232732711	0.713858	1.2000000000000002
8833.481894594393	2850	24.92570745298649	0.0	1527299	9318.895468539858	0.0047227037	2.85
8839.18519668075	2850	23.22240536662982	0.0	1343002	5703.3020863566735	0.19378039	2.85
8857.863271440492	2850	8.54433060688686	0.0	1587250	18678.074759742958	0.004705182	2.85
8859.282744622586	300	11.124857424793957	0.0	167025	1419.4731820929003	0.004705182	-2.25
8862.86319569638	750	11.544406350999385	0.0	393804	3580.451073794573	0.5803	0.3
8868.496538874775	750	9.911063172604468	0.0	331053	5633.343178394916	0.22215253	0.75
8872.139195435071	750	10.268406612307704	0.0	314107	3642.6565602967635	0.6091181	0.75

