23980.832697284633	750	4.0	6.579692689023528	450283	6579.692689023527	0.0060842806	-27.542678562801168
23981.819485200784	300	7.013212083850239	0.0	155580	986.7879161497615	0.004705182	-0.15000000000000002
23983.767671252892	300	9.065026031742615	0.0	139857	1948.1860521076244	0.28478637	0.3
23987.773795018642	300	9.058902265989714	0.0	155432	4006.1237657529027	0.004705182	0.3
23991.86734157131	300	8.965355713323753	0.0	163442	4093.546552665962	0.004705182	0.3
23993.97591276025	300	10.856784524387702	0.0	126289	2108.57118893605	0.004705182	0.3
23996.152192635862	300	12.680504648772505	0.0	153295	2176.2798756151965	0.004705182	0.3
23999.565985576286	300	13.26671170834403	0.0	173849	3413.7929404284755	0.004705182	0.3
24002.419951401767	300	14.412745882862826	0.0	150710	2853.965825481205	0.004705182	0.3
24004.955537423597	300	15.877159861034803	0.0	139105	2535.5860218280227	0.004705182	0.3
24006.45807031831	300	18.374626966323696	0.0	141840	1502.5328947111045	0.004705182	0.3
24007.682785830628	300	21.149911454003995	0.0	156148	1224.7155123197024	0.004705182	0.3
24008.88925840986	300	23.943438874768944	0.0	160746	1206.4725792350514	0.0099604605	0.3
24010.04246527979	300	26.790232004841215	0.0	179801	1153.2068699277306	0.025622949	0.3
24010.854468002297	300	29.97822928233188	0.0	140051	812.002722509333	0.2704703	0.3
24013.21728625096	750	31.615411033667797	0.0	366214	2362.818248664084	0.47712526	0.3
24015.72685996725	750	33.10583731737918	0.0	360831	2509.5737162886194	0.0052407356	0.75
24018.074286748993	750	34.75841053563713	0.0	372963	2347.4267817420464	0.0053099436	0.75
24020.448187246322	750	36.38451003830942	0.0	405596	2373.9004973277006	0.014071262	0.75
24022.438712580337	750	38.393984704294446	0.0	350713	1990.5253340149784	0.09768898	0.75
24025.326767187547	750	39.50593009708385	0.0	386472	2888.054607210603	0.37586093	0.75
24028.53913342757	750	40.293563857058864	0.0	399894	3212.366240024981	0.24285634	0.75
24031.163223321164	750	41.66947396346725	0.0	401853	2624.08989359162	0.26935375	0.75
24035.470084489898	1200	41.3626127947331	0.0	536667	4306.861168734142	0.6968305	0.75
24038.41978571903	1200	42.41291156560188	0.0	587236	2949.701229131217	0.072766125	1.2
24040.98308022069	1200	43.84961706394434	0.0	590335	2563.294501657537	0.004705182	1.2
24044.11771946648	1200	44.71497781815191	0.0	696376	3134.6392457924394	0.004705182	1.2
24046.283417488175	1200	46.54927979645768	0.0	487160	2165.6980216942247	0.008292327	1.2
24048.528470859594	1200	48.304226425038316	0.0	622896	2245.0533714193634	0.012844545	1.2
24051.27147351731	1200	49.56122376732345	0.0	641447	2743.002657714871	0.67022425	1.2
24059.773646272224	2850	45.059051012409824	0.0	1341201	8502.172754913629	0.7203289	1.2000000000000002
24067.91493397881	2850	40.917763305821495	0.0	1497683	8141.287706588331	0.0056066816	2.85
24088.757164108913	2850	24.075533175719986	0.0	1358081	20842.230130101507	0.004705182	2.85
24093.790282615904	300	23.0424146687293	0.0	163444	5033.118506990687	0.6820929	-2.25
24097.35936062614	300	23.473336658493245	0.0	179328	3569.078010236056	0.67426014	0.3
24106.034116016595	750	18.79858126803621	0.0	365161	8674.755390457034	0.597697	0.3
24113.058640105504	750	15.774057179126753	0.0	321064	7024.524088909457	0.036155846	0.75
24115.441092994555	750	17.391604290076767	0.0	361565	2382.452889049986	0.69100064	0.75
24117.408291083902	750	19.424406200730065	0.0	378327	1967.1980893467046	0.024683358	0.75
24120.315863958913	1200	20.516833325719055	0.0	587506	2907.5728750110065	0.64941204	0.75
24127.05897896229	1200	17.773718322342294	0.0	566904	6743.115003376762	0.011001408	1.2
24134.695155927348	1200	14.13754135728578	0.0	641452	7636.176965056515	0.69373864	1.2
24137.25808671666	750	15.574610567971845	0.0	372093	2562.930789313935	0.077469885	0.3
24142.306103735293	1200	14.526593549340474	0.0	634861	5048.017018631372	0.338572	0.75
24146.320862382025	1200	14.511834902610637	0.0	630203	4014.758646729838	0.47809175	1.2
24149.31498453651	1200	15.517712748126202	0.0	638661	2994.1221544844357	0.019221362	1.2
24152.195762765255	1200	16.636934519380713	0.0	538612	2880.778228745488	0.004705182	1.2
24154.832240889817	1200	18.000456394818908	0.0	550906	2636.478124561804	0.004705182	1.2

