21482.281037490375	750	4.0	5.693969597015465	450283	5693.969597015464	0.008026355	-23.734069267166497
21484.08437408555	300	6.1966634048252285	0.0	155580	1803.336595174772	0.004705182	-0.15000000000000002
21485.57334622068	300	8.707691269693635	0.0	139857	1488.9721351315945	0.005715926	0.3
21487.156855380268	300	11.12418211010765	0.0	155432	1583.509159585983	0.004705182	0.3
21488.866775984174	300	13.414261506198569	0.0	163442	1709.920603909083	0.010915203	0.3
21490.213734415494	300	16.067303074878538	0.0	126289	1346.9584313200323	0.028809717	0.3
21491.743339278855	300	18.537698211516872	0.0	153295	1529.604863361666	0.0055569666	0.3
21493.54026722215	300	20.740770268221752	0.0	173849	1796.927943295118	0.007054167	0.3
21495.166798435217	300	23.11423905515551	0.0	150710	1626.5312130662408	0.010109288	0.3
21496.74845110008	300	25.532586390292582	0.0	139105	1581.6526648629308	0.02605331	0.3
21498.31417835012	300	27.96685914025227	0.0	141840	1565.7272500403092	0.028027574	0.3
21499.918464727536	300	30.362572762836212	0.0	156148	1604.2863774160621	0.043041784	0.3
21501.47592096544	300	32.80511652493137	0.0	160746	1557.4562379048398	0.10670472	0.3
21503.193212673617	300	35.087824816757944	0.0	179801	1717.2917081734304	0.40615004	0.3
21504.676217891756	300	37.60481959861731	0.0	140051	1483.0052181406386	0.69657433	0.3
21508.422714055516	750	37.8583234348594	0.0	366214	3746.4961637579127	0.52908206	0.3
21512.501173889246	750	37.77986360113002	0.0	360831	4078.4598337293814	0.0053602024	0.75
21516.418897204137	750	37.862140286236674	0.0	372963	3917.723314893347	0.004705182	0.75
21521.746969398606	750	36.534068091768624	0.0	405596	5328.072194468053	0.004705182	0.75
21526.492036941727	750	35.78900054864973	0.0	350713	4745.067543118895	0.004705182	0.75
21530.76318177082	750	35.51785571955548	0.0	386472	4271.144829094253	0.004705182	0.75
21535.74532565995	750	34.535711830427026	0.0	399894	4982.143889128445	0.004705182	0.75
21542.002513375643	750	32.27852411473347	0.0	401853	6257.187715693554	0.004705182	0.75
21546.69750962426	750	31.583527866116974	0.0	343800	4694.996248616499	0.004705182	0.75
21550.83567508273	750	31.445362407651775	0.0	359903	4138.165458465197	0.004705182	0.75
21555.477006297086	750	30.804031193294357	0.0	379700	4641.3312143574185	0.004705182	0.75
21563.31359112694	750	26.967446363443436	0.0	425781	7836.584829850917	0.004705182	0.75
21570.055751386426	750	24.22528610395325	0.0	277716	6742.160259490189	0.013560778	0.75
21575.536274259888	750	22.744763230491202	0.0	400396	5480.522873462047	0.019555692	0.75
21579.85666627801	750	22.424371212368502	0.0	400508	4320.392018122696	0.005079643	0.75
21583.095498419883	750	23.185539070495725	0.0	358218	3238.8321418727787	0.004705182	0.75
21587.949424116818	750	22.331613373563567	0.0	400322	4853.925696932156	0.004705182	0.75
21592.537487900354	750	21.74354959002421	0.0	369834	4588.063783539355	0.004705182	0.75
21599.909840578115	750	18.371196912261077	0.0	412837	7372.352677763133	0.004705182	0.75
21612.380904694386	750	9.90013279599352	0.0	401088	12471.064116267557	0.025957331	0.75
21617.036927856334	300	9.244109634045255	0.0	159914	4656.023161948264	0.004705182	-0.15000000000000002
21619.797563262924	300	10.483474227454542	0.0	131610	2760.6354065907135	0.004705182	0.3
21621.565165773987	300	12.715871716390637	0.0	124011	1767.6025110639061	0.004705182	0.3
21623.638478067624	300	14.642559422754024	0.0	144254	2073.3122936366135	0.004705182	0.3
21626.12318213863	300	16.15785535174491	0.0	149991	2484.704071009115	0.00822218	0.3
21628.326895778177	300	17.954141712200936	0.0	147968	2203.7136395439743	0.018056028	0.3
21630.729951564263	300	19.55108592611429	0.0	161857	2403.0557860866475	0.24263416	0.3
21631.948400442976	300	22.332637047399942	0.0	145210	1218.4488787143473	0.4975196	0.3
21635.07973803338	750	23.201299456996406	0.0	438281	3131.3375904035347	0.022276757	0.3
21637.35647839393	750	24.92455909644532	0.0	398987	2276.7403605510863	0.29402518	0.75
21643.319794359442	1200	22.961243130934676	0.0	638661	5963.315965510647	0.12901299	0.75
21647.382197233197	1200	22.898840257180943	0.0	538612	4062.4028737537324	0.027235802	1.2
21651.553327655038	1200	22.727709835341454	0.0	550906	4171.130421839487	0.005916438	1.2

