7652.3186047053405	750	4.0	3.9247822452337946	450283	3924.7822452337946	0.004705182	-16.126563654505315
7653.670000998556	300	6.648603706784821	0.0	155580	1351.3962932151785	0.3231923	-0.15000000000000002
7654.722138062565	300	9.596466642774697	0.0	139857	1052.1370640101254	0.19488858	0.3
7656.105263689236	300	12.213341016103536	0.0	155432	1383.1256266711605	0.033931658	0.3
7657.543336411632	300	14.775268293708956	0.0	163442	1438.0727223945805	0.10346212	0.3
7658.480094670494	300	17.838510034847047	0.0	126289	936.7582588619088	0.17948475	0.3
7659.522992064427	300	20.79561264091363	0.0	153295	1042.8973939334187	0.0879144	0.3
7660.886147605183	300	23.43245710015649	0.0	173849	1363.1555407571384	0.111006744	0.3
7661.738182550274	300	26.580422155065612	0.0	150710	852.0349450908786	0.1429692	0.3
7663.943629780904	750	28.374974924435854	0.0	362795	2205.4472306297566	0.6683927	0.3
7665.891707579441	750	30.426897125899785	0.0	353220	1948.0777985360685	0.037757948	0.75
7668.392841181949	750	31.92576352339131	0.0	405134	2501.133602508475	0.005992534	0.75
7671.881545472172	750	32.43705923316803	0.0	386351	3488.704290223282	0.004727471	0.75
7675.643952692679	750	32.674652012661205	0.0	434409	3762.407220506823	0.005314094	0.75
7677.4864186957	750	34.832186009640445	0.0	337059	1842.4660030207606	0.0050154408	0.75
7679.49664895077	750	36.82195575457116	0.0	366214	2010.2302550692848	0.0112649575	0.75
7682.35879046503	750	37.9598142403111	0.0	360831	2862.1415142600613	0.037398536	0.75
7685.68633543228	750	38.63226927306003	0.0	372963	3327.544967251069	0.012446331	0.75
7691.584600289138	750	36.73400441620259	0.0	405596	5898.264856857441	0.009395288	0.75
7695.16828745146	750	37.15031725388019	0.0	350713	3583.6871623223997	0.004705182	0.75
7699.520019164878	750	36.79858554046236	0.0	386472	4351.731713417822	0.004705182	0.75
7703.49663981595	750	36.821964889389726	0.0	399894	3976.6206510726424	0.004705182	0.75
7707.080622150619	750	37.237982554720546	0.0	401853	3583.98233466918	0.0051664053	0.75
7710.090952383731	750	38.22765232160993	0.0	343800	3010.330233110619	0.009945521	0.75
7714.570662193203	750	37.74794251213682	0.0	359903	4479.70980947311	0.015331636	0.75
7724.1699561211935	750	32.14864858414656	0.0	379700	9599.293927990262	0.006449465	0.75
7729.719941447785	750	30.598663257555817	0.0	425781	5549.985326590736	0.014029448	0.75
7733.728904625811	750	30.589700079529198	0.0	277716	4008.963178026622	0.004705182	0.75
7738.763354993972	750	29.55524971136802	0.0	400396	5034.450368161177	0.004705182	0.75
7743.4905702953265	750	28.828034410013984	0.0	400508	4727.215301354039	0.004705182	0.75
7746.358971725348	750	29.959632979991735	0.0	358218	2868.401430022246	0.004705182	0.75
7751.63516730643	750	28.683437398910122	0.0	400322	5276.195581081614	0.01783644	0.75
7756.572586529653	750	27.746018175687436	0.0	369834	4937.419223222686	0.004705182	0.75
7760.996961998699	750	27.321642706641455	0.0	412837	4424.375469045982	0.004705182	0.75
7768.752080433197	750	23.566524272142793	0.0	401088	7755.118434498662	0.007871601	0.75
7771.672386490487	750	24.64621821485256	0.0	365161	2920.306057290233	0.005379597	0.75
7774.255651713451	750	26.06295299188984	0.0	321064	2583.2652229627215	0.026344433	0.75
7776.590569389626	750	27.728035315714894	0.0	361565	2334.917676174946	0.061770678	0.75
7779.875679998665	1200	28.4429247066754	0.0	605884	3285.110609039492	0.69087714	0.75
7783.103929541667	1200	29.214675163673682	0.0	587506	3228.2495430017207	0.0047141216	1.2
7788.7498043932965	1200	27.568800312044296	0.0	566904	5645.8748516293845	0.008616211	1.2
7793.257430839749	1200	27.061173865591073	0.0	641452	4507.62644645322	0.006975729	1.2
7796.492959373515	1200	27.825645331825225	0.0	599477	3235.5285337658493	0.004705182	1.2
7802.790624103918	1200	25.527980601422783	0.0	634861	6297.66473040244	0.007089762	1.2
7806.193765449274	1200	26.124839256066103	0.0	630203	3403.1413453566815	0.004705182	1.2
7809.902634986038	1200	26.415969719303487	0.0	638661	3708.8695367626146	0.009681913	1.2
7812.47433145716	1200	27.844273248181043	0.0	538612	2571.6964711224464	0.054556586	1.2
7815.150405304757	1200	29.168199400582704	0.0	550906	2676.0738475983376	0.24541025	1.2

