3521.256286130537	750	4.0	5.057839080863765	450283	5057.839080863765	0.004705182	-20.99870804771419
3522.6870236455907	300	6.569262484946178	0.0	155580	1430.7375150538228	0.0104488	-0.15000000000000002
3524.085611881429	300	9.170674249107659	0.0	139857	1398.5882358385181	0.035479728	0.3
3525.53058989409	300	11.72569623644636	0.0	155432	1444.9780126612982	0.004705182	0.3
3527.178830022183	300	14.077456108354035	0.0	163442	1648.2401280923232	0.030122172	0.3
3528.4576317480987	300	16.798654382437846	0.0	126289	1278.8017259161916	0.053536583	0.3
3529.784964618336	300	19.471321512200717	0.0	153295	1327.332870237129	0.00971674	0.3
3531.4296923608454	300	21.826593769691208	0.0	173849	1644.7277425095092	0.015716001	0.3
3532.870007853762	300	24.386278276774544	0.0	150710	1440.3154929166644	0.022336097	0.3
3534.1101381574877	300	27.14614797304884	0.0	139105	1240.1303037257042	0.06779262	0.3
3535.3499228128258	300	29.90636331771098	0.0	141840	1239.7846553378602	0.10936531	0.3
3536.7604787458463	300	32.4958073846902	0.0	156148	1410.555933020776	0.219267	0.3
3540.2100808992873	750	33.046205231248706	0.0	386351	3449.602153441496	0.5103161	0.3
3543.83195902607	750	33.42432710446657	0.0	434409	3621.878126782139	0.033234537	0.75
3547.3051054742973	750	33.95118065623881	0.0	337059	3473.1464482277597	0.008595185	0.75
3552.181740301195	750	33.07454582934139	0.0	366214	4876.634826897416	0.008882382	0.75
3555.49640987039	750	33.75987626014656	0.0	360831	3314.6695691948266	0.013509724	0.75
3558.702840966211	750	34.55344516432505	0.0	372963	3206.4310958215096	0.0047353213	0.75
3562.7300183700104	750	34.52626776052586	0.0	405596	4027.1774037991845	0.004705182	0.75
3565.936139032269	750	35.32014709826719	0.0	350713	3206.1206622586737	0.004705182	0.75
3570.204095276763	750	35.05219085377321	0.0	386472	4267.956244493978	0.004705182	0.75
3575.4714021590835	750	33.784883971452295	0.0	399894	5267.306882320912	0.004705182	0.75
3581.268963548727	750	31.987322581808975	0.0	401853	5797.561389643323	0.004705182	0.75
3585.7040890819003	750	31.552197048635783	0.0	343800	4435.125533173194	0.004705182	0.75
3589.4943572760562	750	31.761928854479393	0.0	359903	3790.2681941563887	0.004705182	0.75
3592.4799244170385	750	32.77636171349739	0.0	379700	2985.567140982007	0.004705182	0.75
3596.082783517617	750	33.17350261291891	0.0	425781	3602.8591005784865	0.007494354	0.75
3599.47998017907	750	33.776305951465524	0.0	277716	3397.196661453382	0.019601334	0.75
3603.2467625587033	750	34.009523571832126	0.0	400396	3766.7823796333996	0.0056537027	0.75
3606.8810267671147	750	34.375259363420774	0.0	400508	3634.264208411353	0.01753781	0.75
3611.1889051904077	750	34.06738094012777	0.0	358218	4307.878423293001	0.04745682	0.75
3614.279772068553	750	34.97651406198241	0.0	400322	3090.8668781453575	0.0138592385	0.75
3617.42418941532	750	35.832096715215116	0.0	369834	3144.417346767299	0.3488666	0.75
3622.063674221423	1200	35.192611909112394	0.0	670129	4639.484806102724	0.5584807	0.75
3631.037894461933	1200	30.218391668602425	0.0	690253	8974.220240509965	0.008810879	1.2
3640.3567364709725	1200	24.899549659562638	0.0	598727	9318.842009039787	0.50791174	1.2
3643.822058849769	750	25.434227280766432	0.0	321064	3465.322378796204	0.57590866	0.3
3648.6964780871235	750	24.559808043411863	0.0	361565	4874.419237354569	0.017307786	0.75
3653.3254396784187	750	23.930846452116825	0.0	378327	4628.961591295039	0.009405095	0.75
3659.3159951142216	750	21.94029101631353	0.0	390680	5990.555435803292	0.022169694	0.75
3662.7274384400084	750	22.528847690526614	0.0	345516	3411.443325786916	0.006732994	0.75
3666.4783613631157	750	22.777924767419652	0.0	384505	3750.9229231069617	0.041334007	0.75
3672.676054795935	750	20.580231334600203	0.0	372093	6197.693432819449	0.05875923	0.75
3679.4562575491486	750	17.800028581387014	0.0	438281	6780.202753213189	0.004935799	0.75
3685.836857160308	750	15.419428970227324	0.0	398987	6380.5996111596905	0.004761441	0.75
3691.778939292226	750	13.477346838309575	0.0	393804	5942.0821319177485	0.004705182	0.75
3697.5859911801494	750	11.670294950386374	0.0	331053	5807.051887923201	0.009581964	0.75
3702.0404184185536	750	11.215867711981952	0.0	314107	4454.4272384044225	0.26934123	0.75

