18122.2482710016	750	4.0	3.7572090788844412	450283	3757.209078884441	0.016645595	-15.405999039203095
18123.479005615525	300	6.76926538607515	0.0	155580	1230.7346139248493	0.5175697	-0.15000000000000002
18124.544320643523	300	9.703950358079696	0.0	139857	1065.3150279954539	0.43659914	0.3
18125.826050604843	300	12.422220396759094	0.0	155432	1281.729961320603	0.04211627	0.3
18127.411091343183	300	14.837179658417623	0.0	163442	1585.0407383414722	0.18937154	0.3
18129.24594580493	300	17.002325196669013	0.0	126289	1834.854461748612	0.16874087	0.3
18131.81764960981	300	18.430621391792354	0.0	153295	2571.70380487666	0.009701302	0.3
18134.596574755968	300	19.65169624563326	0.0	173849	2778.9251461590893	0.005405551	0.3
18136.396219011982	300	21.852051989617394	0.0	150710	1799.6442560158698	0.00508022	0.3
18137.397442540198	300	24.85082846139826	0.0	139105	1001.2235282191332	0.010737717	0.3
18138.364518994447	300	27.883752007150445	0.0	141840	967.0764542478173	0.066855215	0.3
18139.73385354303	300	30.514417458564274	0.0	156148	1369.3345485861669	0.18028603	0.3
18141.151794459634	300	33.09647654196163	0.0	160746	1417.9409166026505	0.18107757	0.3
18146.678806816904	750	31.569464184688723	0.0	434409	5527.012357272905	0.633029	0.3
18150.10946056743	750	32.13881043416351	0.0	337059	3430.6537505252113	0.40564755	0.75
18153.31045811619	750	32.937812885403766	0.0	366214	3200.9975487597426	0.026143488	0.75
18158.512068935863	750	31.736202065728044	0.0	360831	5201.610819675721	0.011029073	0.75
18167.796660518117	750	26.45161048347273	0.0	372963	9284.591582255314	0.02914816	0.75
18172.78071514144	300	25.467555860148252	0.0	165384	4984.054623324479	0.079858035	-0.15000000000000002
18176.712033494903	300	25.536237506686852	0.0	140881	3931.3183534614	0.014699954	0.3
18179.9457767319	300	26.302494269692055	0.0	157671	3233.743236994798	0.01579484	0.3
18183.58355655592	300	26.66471444567332	0.0	157812	3637.7798240187353	0.023801632	0.3
18189.0836218342	300	25.164649167391058	0.0	163927	5500.0652782822635	0.026431765	0.3
18194.066846496356	300	24.18142450523698	0.0	137654	4983.224662154077	0.008907403	0.3
18199.212825838724	300	23.03544516287013	0.0	146754	5145.9793423668525	0.016288433	0.3
18203.90351032061	300	22.34476068098115	0.0	153938	4690.684481888978	0.010924355	0.3
18208.06594238732	300	22.182328614272738	0.0	181901	4162.432066708416	0.015706541	0.3
18210.367005247183	300	23.881265754408865	0.0	111155	2301.062859863871	0.018471105	0.3
18213.43102060803	300	24.817250393560414	0.0	153605	3064.0153608484493	0.022511784	0.3
18215.262237031926	300	26.986033969665467	0.0	149029	1831.2164238949495	0.09449845	0.3
18217.40446907019	300	28.843801931404023	0.0	157421	2142.2320382614416	0.63180393	0.3
18225.447913263946	750	24.800357737646365	0.0	400322	8043.444193757659	0.6135758	0.3
18229.351781935922	300	24.89648906567025	0.0	143881	3903.868671976119	0.6968264	-0.15000000000000002
18234.49652657606	300	23.751744425536074	0.0	163444	5144.744640134174	0.52810496	0.3
18240.017836888168	300	22.23043411342484	0.0	179328	5521.310312111233	0.40823862	0.3
18246.09120986091	300	20.15706114068154	0.0	159914	6073.372972743303	0.24462971	0.3
18249.92196054045	300	20.32631046114114	0.0	131610	3830.7506795404015	0.05213284	0.3
18252.969902287834	300	21.278368713759054	0.0	124011	3047.9417473820886	0.13823478	0.3
18266.138403401146	750	12.109867600444115	0.0	378327	13168.501113314938	0.37090015	0.3
18270.504753517085	300	11.74351748450669	0.0	149991	4366.350115937424	0.004705182	-0.15000000000000002
18273.84170536719	300	12.406565634398794	0.0	147968	3336.951850107896	0.004705182	0.3
18275.50642885995	300	14.741842141643254	0.0	161857	1664.7234927555396	0.004705182	0.3
18276.955455970503	300	17.292815031090772	0.0	145210	1449.02711055248	0.037810404	0.3
18278.483802030198	300	19.7644689713947	0.0	172312	1528.3460596960751	0.6965047	0.3
18281.404146094952	750	20.844124906641635	0.0	398987	2920.3440647530615	0.049060944	0.3
18285.637905448413	1200	20.61036555317943	0.0	638661	4233.759353462204	0.61238617	0.75
18289.034189501333	1200	21.21408150026135	0.0	538612	3396.2840529180817	0.019643731	1.2
18292.915882002137	1200	21.33238899945745	0.0	550906	3881.6925008039016	0.005833187	1.2

