11235.283781088287	750	4.0	1.6438931885945212	450283	1643.8931885945212	0.34180826	-6.31874071095644
11236.99470582349	750	6.289075264795886	0.0	398865	1710.924735204114	0.004705182	0.75
11238.761553481805	750	8.52222760648134	0.0	350812	1766.847658314546	0.004705182	0.75
11240.422174591467	750	10.86160649681881	0.0	382355	1660.6211096625318	0.010006294	0.75
11242.389538432612	750	12.894242655674041	0.0	411561	1967.3638411447678	0.005159285	0.75
11244.30746311089	750	14.976317977395729	0.0	318564	1917.9246782783125	0.005862812	0.75
11246.672552205158	750	16.611228883127016	0.0	352642	2365.089094268714	0.033617143	0.75
11248.815984840485	750	18.467796247801893	0.0	437162	2143.4326353251236	0.1503892	0.75
11250.28210973457	750	21.001671353716688	0.0	374758	1466.1248940852065	0.011018133	0.75
11251.94574750879	750	23.338033579496173	0.0	362795	1663.637774220516	0.0066632396	0.75
11253.484178244144	750	25.799602844141063	0.0	353220	1538.4307353551085	0.007023648	0.75
11255.249923103342	750	28.03385798494209	0.0	405134	1765.7448591989714	0.030984813	0.75
11256.797063930619	750	30.48671715766535	0.0	386351	1547.1408272767458	0.16048345	0.75
11258.569731399964	750	32.714049688320166	0.0	434409	1772.6674693451841	0.6828706	0.75
11260.834999923287	1200	34.448781164998174	0.0	526950	2265.2685233219922	0.3993489	0.75
11263.31715814224	1200	35.96662294604552	0.0	587876	2482.158218952656	0.0055744955	1.2
11266.948587756995	1200	36.33519333128977	0.0	617242	3631.429614755746	0.004705182	1.2
11271.122707249891	1200	36.16107383839458	0.0	581493	4174.119492895195	0.008696548	1.2
11275.01864302862	1200	36.26513805966768	0.0	639204	3895.9357787269014	0.049964406	1.2
11278.931933647928	1200	36.35184744035896	0.0	586839	3913.2906193087188	0.02012873	1.2
11282.815617578657	1200	36.4681635096277	0.0	601738	3883.683930731259	0.033236355	1.2
11287.899554649593	1200	35.38422643869091	0.0	616206	5083.937070936791	0.03098289	1.2
11293.114375383202	1200	34.16940570508131	0.0	656471	5214.820733609593	0.16209115	1.2
11298.005073475644	1200	33.27870761263852	0.0	536667	4890.6980924427935	0.15553585	1.2
11302.554326263902	1200	32.729454824379786	0.0	587236	4549.2527882587365	0.5587715	1.2
11304.723938120767	750	34.55984296751577	0.0	379700	2169.611856864016	0.36264202	0.3
11307.428323636934	1200	35.85545745134971	0.0	696376	2704.3855161660576	0.6842286	0.75
11308.907517035863	1200	38.37626405242138	0.0	487160	1479.1933989283266	0.004705182	1.2
11311.052021592775	1200	40.231759495507816	0.0	622896	2144.5045569135605	0.02603703	1.2
11321.024640766802	2850	34.25914032148207	0.0	1561263	9972.61917402574	0.2179472	1.2000000000000002
11324.118999744902	1200	35.16478134338263	0.0	570392	3094.3589780994453	0.5739379	-0.44999999999999996
11325.949503900667	1200	37.334277187616024	0.0	620283	1830.5041557666025	0.004705182	1.2
11327.964379830426	1200	39.31940125785888	0.0	584349	2014.8759297571476	0.19297193	1.2
11334.454615080193	2850	36.82916600809256	0.0	1587293	6490.235249766321	0.52722585	1.2000000000000002
11339.968143386433	2850	35.315637701852516	0.0	1492672	5513.52830624004	0.004705182	2.85
11344.273217436772	2850	35.01056365151448	0.0	1439896	4305.074050338036	0.004705182	2.85
11347.761855371833	2850	35.521925716453836	0.0	1139291	3488.637935060644	0.015680267	2.85
11352.224354825223	2850	35.05942626306304	0.0	1499009	4462.499453390797	0.012890763	2.85
11356.990448589477	2850	34.293332498810926	0.0	1427478	4766.093764252115	0.13186918	2.85
11362.434040262495	2850	32.84974082579271	0.0	1402287	5443.591673018214	0.08284999	2.85
11370.508287548888	2850	28.775493539397793	0.0	1339500	8074.247286394914	0.031305775	2.85
11416.085559575868	2850	4.0	16.80177848758079	1527299	45577.272026978586	0.004705182	-69.3976474965974
11421.871472907404	300	4.0	1.7859133315357367	145210	5785.913331535737	0.004705182	-9.929427325603669
11428.322443163392	300	4.0	2.450970255988356	172312	6450.970255988356	0.004705182	-10.239172100749931
11434.409674039875	300	4.0	2.087230876482272	167025	6087.230876482272	0.004705182	-8.67509276887377
11441.0191149959	300	4.0	2.6094409560246365	160064	6609.440956024637	0.004705182	-10.920596110905937
11446.627229448368	300	4.0	1.60811445246953	137507	5608.11445246953	0.004705182	-6.614892145618979
11448.985998230468	300	5.641231217901066	0.0	118421	2358.7687820989336	0.004705182	0.3

