12132.596204015686	750	4.0	3.8635903273045304	450283	3863.5903273045305	0.13405316	-15.863438407409479
12133.836541421933	300	6.759662593753583	0.0	155580	1240.3374062464177	0.38959274	-0.15000000000000002
12136.93631557295	750	7.659888442736641	0.0	350812	3099.7741510169417	0.37864125	0.3
12138.111498499162	300	10.484705516523773	0.0	155432	1175.1829262128692	0.14125492	-0.15000000000000002
12139.389107872603	300	13.207096143083355	0.0	163442	1277.6093734404185	0.23805687	0.3
12140.435769721294	300	16.160434294392335	0.0	126289	1046.661848691017	0.11792636	0.3
12141.742045876907	300	18.85415813877932	0.0	153295	1306.2761556130188	0.04852095	0.3
12143.445965380497	300	21.150238635189456	0.0	173849	1703.9195035898633	0.050168917	0.3
12144.676700624283	300	23.919503391404074	0.0	150710	1230.7352437853808	0.041495536	0.3
12145.72488673793	300	26.871317277758457	0.0	139105	1048.186113645616	0.12783548	0.3
12146.894972293303	300	29.701231722385337	0.0	141840	1170.085555373121	0.22168037	0.3
12148.184057430648	300	32.41214658504093	0.0	156148	1289.085137344414	0.42975095	0.3
12149.348219534977	300	35.2479844807125	0.0	160746	1164.1621043284254	0.694537	0.3
12153.00051276407	750	35.59569125161872	0.0	434409	3652.2932290937943	0.2330652	0.3
12156.02592520871	750	36.57027880697825	0.0	337059	3025.412444640457	0.006833074	0.75
12159.643725272519	750	36.952478743169095	0.0	366214	3617.8000638091607	0.004705182	0.75
12162.828337642502	750	37.76786637318728	0.0	360831	3184.612369981812	0.004705182	0.75
12166.60106061246	750	37.99514340322792	0.0	372963	3772.7229699593577	0.004705182	0.75
12170.866576145974	750	37.7296278697132	0.0	405596	4265.515533514722	0.004705182	0.75
12178.528012472336	750	34.068191543353095	0.0	350713	7661.436326360107	0.004705182	0.75
12187.69886160481	750	28.897342410878498	0.0	386472	9170.849132474601	0.01057745	0.75
12197.475656663928	750	23.120547351760653	0.0	399894	9776.795059117845	0.28013173	0.75
12201.458532562881	300	23.137671452807684	0.0	163927	3982.8758989529674	0.4585204	-0.15000000000000002
12203.850704922033	300	24.745499093656704	0.0	137654	2392.1723591509794	0.032781977	0.3
12207.576616019564	300	25.019587996126912	0.0	146754	3725.911097529791	0.031057881	0.3
12212.310935139689	300	24.285268876001513	0.0	153938	4734.319120125401	0.029667374	0.3
12217.132686330353	300	23.463517685337877	0.0	181901	4821.751190663635	0.017459232	0.3
12219.180660422204	300	25.41554359348836	0.0	111155	2047.9740918495195	0.037203647	0.3
12220.985758636944	300	27.610445378749276	0.0	153605	1805.0982147390826	0.16889973	0.3
12222.445143501738	300	30.151060513955454	0.0	149029	1459.384864793822	0.43446842	0.3
12226.226417023892	750	30.36978699180174	0.0	358218	3781.273522153714	0.4337756	0.3
12234.811833055815	750	25.78437095987769	0.0	400322	8585.416031924045	0.004705182	0.75
12244.826825949975	750	19.769378065718985	0.0	369834	10014.992894158704	0.46738487	0.75
12249.200250499467	300	19.3959535162271	0.0	163444	4373.424549491889	0.21522872	-0.15000000000000002
12253.567857012338	300	19.02834700335447	0.0	179328	4367.606512872629	0.01745456	0.3
12257.949684474883	300	18.64651954080959	0.0	159914	4381.8274625448785	0.04335831	0.3
12262.022023237032	300	18.574180778660086	0.0	131610	4072.338762149502	0.055664163	0.3
12264.27366856617	300	20.322535449524505	0.0	124011	2251.6453291355815	0.03907207	0.3
12271.6201694013	750	16.97603461439409	0.0	378327	7346.500835130415	0.27420732	0.3
12279.565554416069	750	13.030649599622953	0.0	390680	7945.385014771139	0.64499503	0.75
12283.69023010593	300	12.90597390976193	0.0	147968	4124.675689861024	0.02849254	-0.15000000000000002
12287.677709780282	300	12.918494235408707	0.0	161857	3987.4796743532233	0.005767198	0.3
12290.665200567006	300	13.931003448687548	0.0	145210	2987.4907867211577	0.008305711	0.3
12293.75963819551	300	14.836565820183761	0.0	172312	3094.437628503787	0.01568365	0.3
12296.087107750442	300	16.509096265251408	0.0	167025	2327.469554932357	0.04746294	0.3
12298.402685060155	300	18.19351895553802	0.0	160064	2315.5773097133883	0.56836843	0.3
12300.239669776629	300	20.35653423906258	0.0	137507	1836.984716475437	0.6187002	0.3
12306.188090306765	750	18.40811370892718	0.0	314107	5948.4205301354	0.23661357	0.3

