716.6336731114047	750	4.0	1.464606764188326	450283	1464.606764188326	0.09948046	-5.547809086009802
717.8686593069307	750	6.765013804474078	0.0	398865	1234.9861955259219	0.004705182	0.75
719.0577631493487	750	9.575909962056157	0.0	350812	1189.1038424179214	0.004705182	0.75
720.5146073956264	750	12.119065715778481	0.0	382355	1456.8442462776757	0.0047822753	0.75
721.8724699799029	750	14.761203131501947	0.0	411561	1357.8625842765346	0.015073103	0.75
722.8912689081593	750	17.742404203245563	0.0	318564	1018.7989282563871	0.2548161	0.75
724.7782745995852	1200	19.85539851181965	0.0	561791	1887.0056914259094	0.5562092	0.75
726.9702472257975	1200	21.66342588560736	0.0	709534	2191.9726262122895	0.069912665	1.2
728.7720117880565	1200	23.86166132334845	0.0	584846	1801.7645622589132	0.006950778	1.2
730.6235126921147	1200	26.010160419290266	0.0	560821	1851.5009040581838	0.0048271655	1.2
733.350578219783	1200	27.283094891622035	0.0	607410	2727.065527668229	0.004705182	1.2
735.6115236052901	1200	29.022149506114815	0.0	594078	2260.9453855072215	0.007375676	1.2
737.533656328962	1200	31.100016782442868	0.0	624282	1922.1327236719496	0.004705182	1.2
739.7311977524015	1200	32.902475359003496	0.0	687371	2197.541423439369	0.004705182	1.2
741.531494768925	1200	35.10217834247994	0.0	526950	1800.29701652356	0.0049335416	1.2
743.5828835990076	1200	37.05078951239737	0.0	587876	2051.388830082563	0.0049172062	1.2
746.5783887502641	1200	38.055284361140814	0.0	617242	2995.505151256553	0.006542096	1.2
750.2261094200677	1200	38.407563691337295	0.0	581493	3647.7206698035243	0.004705182	1.2
754.5062119056255	1200	38.127461205779525	0.0	639204	4280.102485557773	0.004705182	1.2
756.7651949081683	1200	39.86847820323671	0.0	586839	2258.983002542806	0.004808775	1.2
759.3707455369629	1200	41.26292757444209	0.0	601738	2605.550628794629	0.004705182	1.2
761.8166588241012	1200	42.817014287303714	0.0	616206	2445.913287138378	0.004705182	1.2
764.9103228665401	1200	43.72335024486472	0.0	656471	3093.6640424389907	0.0062800194	1.2
767.550986975633	1200	45.082686135771915	0.0	536667	2640.6641090927988	0.0076321415	1.2
769.9721942845688	1200	46.66147882683607	0.0	587236	2421.207308935851	0.006784343	1.2
772.6381789107882	1200	47.99549420061665	0.0	590335	2665.984626219419	0.014271776	1.2
775.5149344642682	1200	49.11873864713663	0.0	696376	2876.7555534800094	0.023497153	1.2
777.5740293257841	1200	51.05964378562078	0.0	487160	2059.0948615158595	0.7916025	1.2
783.7797995802704	2850	48.853873531134425	0.0	1498470	6205.770254486352	0.76248896	1.2000000000000002
789.7460938537031	2850	46.887579257701745	0.0	1561263	5966.294273432687	0.004705182	2.85
794.7393395123102	2850	45.89433359909475	0.0	1341201	4993.245658606987	0.004705182	2.85
800.4627107293435	2850	44.17096238206139	0.0	1497683	5723.371217033358	0.004705182	2.85
805.3359628812676	2850	43.297710230137184	0.0	1358081	4873.252151924207	0.004705182	2.85
814.247556823201	2850	38.386116288203816	0.0	1587293	8911.593941933368	0.004705182	2.85
822.2415047851333	2850	34.39216832627158	0.0	1492672	7993.947961932239	0.004705182	2.85
833.6478617103601	2850	26.985811401044828	0.0	1439896	11406.356925226753	0.004705182	2.85
843.2452348359395	2850	21.38843827546543	0.0	1139291	9597.373125579397	0.65094864	2.85
846.8420445865385	1200	21.79162852486642	0.0	575591	3596.80975059901	0.24673492	-0.44999999999999996
850.4244576398407	1200	22.209215471564104	0.0	605884	3582.413053302316	0.004705182	1.2
853.5152937519986	1200	23.118379359406344	0.0	587506	3090.836112157762	0.004705182	1.2
857.3195176461004	1200	23.314155465304506	0.0	566904	3804.223894101838	0.004705182	1.2
861.2846153983104	1200	23.349057713094464	0.0	641452	3965.097752210044	0.004705182	1.2
865.2251743057961	1200	23.408498805608666	0.0	599477	3940.5589074857967	0.005301953	1.2
869.1658357476224	1200	23.467837363782365	0.0	634861	3940.661441826302	0.004705182	1.2
873.469338161929	1200	23.16433494947575	0.0	630203	4303.502414306612	0.0057006143	1.2
885.183412270938	1200	15.450260840466797	0.0	638661	11714.074109008956	0.008217288	1.2
887.5884904053609	300	17.04518270604399	0.0	137507	2405.0781344228085	0.6177831	-0.6000000000000001
895.8645901659144	750	12.769082945490478	0.0	314107	8276.099760553512	0.068867594	0.3

