20063.166598597072	750	4.0	5.259051639025879	450283	5259.051639025879	0.0047219885	-21.86392204781128
20064.71182465972	300	6.454773937350686	0.0	155580	1545.2260626493135	0.0073120603	-0.15000000000000002
20066.174735326418	300	8.991863270652232	0.0	139857	1462.9106666984549	0.0167486	0.3
20067.529259761028	300	11.637338836041588	0.0	155432	1354.5244346106435	0.004705182	0.3
20068.942666495943	300	14.223932101129046	0.0	163442	1413.4067349125414	0.032896016	0.3
20070.21330751567	300	16.953291081401293	0.0	126289	1270.6410197277503	0.08186524	0.3
20071.750650017384	300	19.41594857968636	0.0	153295	1537.3425017149304	0.010079078	0.3
20073.259796455128	300	21.90680214194333	0.0	173849	1509.1464377430323	0.010843152	0.3
20074.788695193733	300	24.37790340333504	0.0	150710	1528.898738608293	0.029086767	0.3
20076.233437826642	300	26.933160770428977	0.0	139105	1444.7426329060604	0.059201982	0.3
20077.559779349398	300	29.606819247671588	0.0	141840	1326.3415227573894	0.06125956	0.3
20078.75168298653	300	32.41491561053786	0.0	156148	1191.9036371337295	0.16613372	0.3
20079.900412456707	300	35.26618614036368	0.0	160746	1148.729470174182	0.6788233	0.3
20083.81124013609	750	35.35535846098356	0.0	434409	3910.827679380118	0.39828673	0.3
20085.62032654355	750	37.54627205351791	0.0	337059	1809.0864074656465	0.011436594	0.75
20087.56143933598	750	39.60515926108894	0.0	366214	1941.1127924289706	0.010277701	0.75
20089.894347802358	750	41.27225079471087	0.0	360831	2332.908466378071	0.043355323	0.75
20092.032528324347	750	43.134070272721544	0.0	372963	2138.1805219893185	0.065483265	0.75
20094.176041819526	750	44.99055677753924	0.0	405596	2143.513495182305	0.4733007	0.75
20097.740747761807	1200	45.42585083525811	0.0	586839	3564.7059422811276	0.35795727	0.75
20102.157830697688	1200	45.0087678993754	0.0	601738	4417.082935882708	0.008606854	1.2
20105.333980101004	1200	45.83261849606173	0.0	616206	3176.1494033136805	0.016855892	1.2
20108.641336830893	1200	46.52526176617474	0.0	656471	3307.356729886987	0.004705182	1.2
20112.064261364103	1200	47.10233723296325	0.0	536667	3422.9245332114874	0.004705182	1.2
20115.350403277516	1200	47.81619531954925	0.0	587236	3286.1419134139946	0.004705182	1.2
20118.123365604068	1200	49.04323299299689	0.0	590335	2772.962326552363	0.004705182	1.2
20121.8516901439	1200	49.314908453168584	0.0	696376	3728.324539828305	0.006870852	1.2
20124.202230771112	1200	50.96436782595258	0.0	487160	2350.5406272160076	0.011368489	1.2
20127.56226638857	1200	51.60433220849821	0.0	622896	3360.0356174543685	0.02042127	1.2
20132.03211742329	1200	51.13448117378033	0.0	641447	4469.8510347178735	0.032661166	1.2
20135.940784849005	1200	51.22581374806604	0.0	570392	3908.6674257142963	0.015981568	1.2
20140.212234841954	1200	50.95436375511684	0.0	620283	4271.4499929491985	0.015490156	1.2
20144.80239916319	1200	50.3641994338822	0.0	584349	4590.164321234635	0.018496267	1.2
20149.83001666359	1200	49.336581933482876	0.0	670129	5027.617500399317	0.010156805	1.2
20154.824544323095	1200	48.34205427397909	0.0	690253	4994.527659503789	0.010974691	1.2
20158.487404515312	1200	48.67919408176283	0.0	598727	3662.860192216264	0.013891435	1.2
20160.984689773253	1200	50.18190882382133	0.0	487812	2497.285257941499	0.06570612	1.2
20163.96134230758	1200	51.2052562894959	0.0	575591	2976.6525343254348	0.2795058	1.2
20173.846761153847	2850	45.31983744322877	0.0	1427478	9885.418846267126	0.46316344	1.2000000000000002
20186.69028695988	2850	36.47631163719459	0.0	1402287	12843.525806034177	0.004705182	2.85
20198.64436990423	2850	28.522228692849946	0.0	1339500	11954.08294434465	0.71341854	2.85
20204.64110587503	1200	26.5254927220488	0.0	641452	5996.735970801145	0.13629286	-0.44999999999999996
20210.649213232875	1200	24.517385364205445	0.0	599477	6008.107357843352	0.004705182	1.2
20217.94320105623	1200	21.22339754085091	0.0	634861	7293.987823354535	0.004818729	1.2
20224.694376407588	1200	18.47222218949477	0.0	630203	6751.1753513561425	0.0060391766	1.2
20230.952265077645	1200	16.214333519433566	0.0	638661	6257.888670061202	0.012763669	1.2
20236.363857309654	1200	14.80274128742691	0.0	538612	5411.592232006656	0.029695608	1.2
20242.02343770366	1200	13.143160893418539	0.0	550906	5659.580394008372	0.27792126	1.2

