7819.902031634141	750	4.0	4.751626329382562	450283	4751.626329382562	0.29173452	-19.681993216345017
7821.546486550841	300	6.35554508329921	0.0	155580	1644.4549167007901	0.021859534	-0.15000000000000002
7822.981346583417	300	8.920685050724277	0.0	139857	1434.860032574934	0.018339293	0.3
7824.428301335409	300	11.473730298731356	0.0	155432	1446.95475199292	0.004705182	0.3
7825.860632592967	300	14.041399041173666	0.0	163442	1432.3312575576906	0.030253455	0.3
7826.906848907882	300	16.995182726259273	0.0	126289	1046.2163149143898	0.08559398	0.3
7827.8501815594445	300	20.051850074695853	0.0	153295	943.3326515634232	0.02137912	0.3
7828.9892677610915	300	22.912763873048192	0.0	173849	1139.08620164766	0.08397423	0.3
7830.376470774865	300	25.52556085927504	0.0	150710	1387.2030137731529	0.16219915	0.3
7831.8037721996125	300	28.098259434527673	0.0	139105	1427.3014247473668	0.14987081	0.3
7833.270800387718	300	30.63123124642189	0.0	141840	1467.0281881057815	0.183689	0.3
7834.777107096633	300	33.12492453750674	0.0	156148	1506.3067089151482	0.31534278	0.3
7836.820025280632	300	35.082006353508056	0.0	160746	2042.9181839986802	0.65041524	0.3
7843.035052815679	750	32.866978818461504	0.0	434409	6215.02753504655	0.6304433	0.3
7844.94532146354	300	34.95671017060045	0.0	140051	1910.2686478610485	0.6473439	-0.15000000000000002
7846.644506244057	300	37.25752539008301	0.0	138313	1699.1847805174439	0.35619333	0.3
7847.694657617234	300	40.20737401690572	0.0	143509	1050.1513731772939	0.62792057	0.3
7850.118400958367	750	41.783630675772905	0.0	372963	2423.74334113282	0.09795395	0.3
7853.62622067205	750	42.27581096208895	0.0	405596	3507.8197136839576	0.011800476	0.75
7857.497915597954	750	42.40411603618588	0.0	350713	3871.69492590306	0.0064176656	0.75
7861.385996801181	750	42.51603483295932	0.0	386472	3888.0812032265653	0.0059713908	0.75
7864.899622455249	750	43.002409178890154	0.0	399894	3513.625654069158	0.0071610324	0.75
7868.858270758697	750	43.043760875442686	0.0	401853	3958.6483034474736	0.018341642	0.75
7872.342528505646	750	43.5595031284927	0.0	343800	3484.25774694998	0.025403187	0.75
7875.989505397902	750	43.91252623623769	0.0	359903	3646.976892255017	0.054233953	0.75
7879.320652908809	750	44.58137872533027	0.0	379700	3331.1475109074263	0.12119829	0.75
7883.12560785707	750	44.776423777069986	0.0	425781	3804.954948260283	0.31864882	0.75
7885.425580450979	750	46.47645118316105	0.0	277716	2299.972593908935	0.58462095	0.75
7888.732915549948	750	47.16911608419208	0.0	400396	3307.3350989689675	0.6964998	0.75
7894.773734949535	1200	45.12829668460489	0.0	641447	6040.819399587197	0.42583168	0.75
7899.909479801087	1200	43.99255183305242	0.0	570392	5135.744851552471	0.011814859	1.2
7914.693802374445	1200	33.20822925969507	0.0	620283	14784.322573357349	0.00739033	1.2
7922.745741847475	750	29.156289786665088	0.0	369834	8051.939473029977	0.048496243	0.3
7927.907834154105	750	27.994197480034792	0.0	412837	5162.092306630298	0.004705182	0.75
7935.628245172158	750	24.273786461982905	0.0	401088	7720.411018051887	0.005920848	0.75
7941.030309050887	750	22.87172258325417	0.0	365161	5402.063878728736	0.004705182	0.75
7944.838450084512	750	23.063581549629173	0.0	321064	3808.141033624997	0.0052410364	0.75
7952.006503112353	750	19.895528521787604	0.0	361565	7168.053027841567	0.004705182	0.75
7957.263594768299	750	18.638436865841275	0.0	378327	5257.0916559463285	0.0058827633	0.75
7960.458344114082	750	19.443687520059463	0.0	390680	3194.749345781812	0.004705182	0.75
7963.815649887471	750	20.086381746669947	0.0	345516	3357.3057733895157	0.014088225	0.75
7966.87255247856	750	21.029479155581758	0.0	384505	3056.902591088192	0.0130934585	0.75
7970.588668734092	750	21.313362900049626	0.0	372093	3716.1162555321307	0.15293705	0.75
7975.078793041291	750	20.82323859285019	0.0	438281	4490.124307199434	0.10681195	0.75
7978.08056883938	750	21.821462794760453	0.0	398987	3001.775798089736	0.19624451	0.75
7982.039126526236	750	21.862905107905267	0.0	393804	3958.5576868551875	0.6962504	0.75
7987.73333837151	1200	20.16869326262988	0.0	538612	5694.211845275387	0.56562203	0.75
7992.723237836633	1200	19.178793797507133	0.0	550906	4989.899465122749	0.12162116	1.2

