10700.729014556935	750	4.0	3.0006457348380566	450283	3000.645734838057	0.004705182	-12.152776659803642
10703.404753080105	750	5.324261476829477	0.0	398865	2675.7385231705234	0.17843336	0.75
10705.764205254041	750	6.964809302894167	0.0	350812	2359.4521739353095	0.13938093	0.75
10707.1463129847	300	9.582701572236115	0.0	155432	1382.107730658053	0.67826164	-0.15000000000000002
10708.808220494611	300	11.92079406232402	0.0	163442	1661.9075099120926	0.08037964	0.3
10710.098061322256	300	14.630953234678824	0.0	126289	1289.840827645197	0.10868491	0.3
10711.741033552022	300	16.987981004914545	0.0	153295	1642.9722297642802	0.0428174	0.3
10713.986186873684	300	18.74282768325091	0.0	173849	2245.1533216636367	0.016719718	0.3
10715.872231346451	300	20.856783210484146	0.0	150710	1886.0444727667589	0.008035098	0.3
10717.005821394861	300	23.723193162074743	0.0	139105	1133.5900484094057	0.01263471	0.3
10717.876264493243	300	26.85275006369129	0.0	141840	870.4430983834533	0.06701682	0.3
10718.898207152108	300	29.830807404827823	0.0	156148	1021.9426588634662	0.33722943	0.3
10720.0611356581	300	32.66787889883612	0.0	160746	1162.9285059916976	0.5633861	0.3
10722.824380204138	750	33.90463435279836	0.0	434409	2763.24454603776	0.6084303	0.3
10725.671415266925	750	35.05759929000982	0.0	337059	2847.0350627885446	0.0047454694	0.75
10728.622330723732	750	36.10668383320295	0.0	366214	2950.9154568068698	0.004705182	0.75
10732.022619236266	750	36.7063953206701	0.0	360831	3400.2885125328526	0.004705182	0.75
10734.370119179308	750	38.358895377627654	0.0	372963	2347.4999430424423	0.004705182	0.75
10736.301097654012	750	40.42791690292487	0.0	405596	1930.9784747027825	0.020184824	0.75
10737.861887873998	750	42.86712668293814	0.0	350713	1560.7902199867326	0.6100547	0.75
10740.58388344321	1200	44.1451311137259	0.0	601738	2721.9955692122376	0.17782666	0.75
10743.169914246148	1200	45.559100310787976	0.0	616206	2586.0308029379285	0.004705182	1.2
10746.216171940303	1200	46.512842616633655	0.0	656471	3046.2576941543166	0.004828899	1.2
10748.355842726949	1200	48.37317182998599	0.0	536667	2139.670786647664	0.0056822803	1.2
10751.322108096421	1200	49.40690646051536	0.0	587236	2966.2653694706337	0.013737045	1.2
10754.78797158938	1200	49.94104296755762	0.0	590335	3465.863492957736	0.012757443	1.2
10758.91756062407	1200	49.811453932865504	0.0	696376	4129.58903469212	0.009775678	1.2
10762.810478389196	1200	49.91853616774071	0.0	487160	3892.9177651247883	0.01710881	1.2
10768.555721397131	1200	48.17329315980516	0.0	622896	5745.243007935544	0.006236832	1.2
10774.631042394787	1200	46.0979721621505	0.0	641447	6075.320997654666	0.004705182	1.2
10777.864318794023	1200	46.864695762914984	0.0	570392	3233.2763992355162	0.004705182	1.2
10780.884095652653	1200	47.844918904285215	0.0	620283	3019.776858629769	0.004705182	1.2
10783.891268305197	1200	48.83774625173992	0.0	584349	3007.1726525452887	0.008156922	1.2
10787.547105411024	1200	49.18190914591258	0.0	670129	3655.837105827346	0.026673447	1.2
10791.06620597061	1200	49.66280858632764	0.0	690253	3519.1005595849356	0.11746742	1.2
10794.669870141097	1200	50.05914441584129	0.0	598727	3603.664170486356	0.71940094	1.2
10800.471907258847	2850	48.2571072980897	0.0	1139291	5802.037117751585	0.6467999	1.2000000000000002
10808.49843398152	2850	44.23058057541868	0.0	1499009	8026.526722671021	0.004705182	2.85
10820.686432102702	2850	36.042582454234854	0.0	1427478	12187.998121183828	0.004705182	2.85
10828.788988234262	2850	31.94002632267487	0.0	1402287	8102.5561315599825	0.28532192	2.85
10835.069553155145	2850	29.659461401792598	0.0	1339500	6280.564920882276	0.008400477	2.85
10846.126922392816	2850	22.602092164122375	0.0	1527299	11057.369237670218	0.004705182	2.85
10859.635878185882	2850	13.093136371057314	0.0	1343002	13508.955793065063	0.7168351	2.85
10862.664438343565	1200	14.064576213373359	0.0	634861	3028.5601576839554	0.010576086	-0.44999999999999996
10865.445723794388	1200	15.283290762551427	0.0	630203	2781.2854508219307	0.004705182	1.2
10868.39933252277	1200	16.329682034170627	0.0	638661	2953.6087283807997	0.004705182	1.2
10872.143970637684	1200	16.585043919254407	0.0	538612	3744.638114916223	0.0052553536	1.2
10877.53621364342	1200	15.1928009135183	0.0	550906	5392.243005736107	0.004705182	1.2

