13207.77603699103	750	4.0	4.549356298858494	450283	4549.356298858494	0.31867993	-18.812232085091523
13209.26284606702	300	6.513190924009408	0.0	155580	1486.8090759905917	0.039644577	-0.15000000000000002
13210.183789030512	300	9.59224796051802	0.0	139857	920.942963491389	0.04562994	0.3
13211.340166677548	300	12.435870313484033	0.0	155432	1156.3776470339874	0.040722325	0.3
13212.636690145497	300	15.139346845534478	0.0	163442	1296.5234679495547	0.18506137	0.3
13215.091797848134	750	16.684239142898143	0.0	318564	2455.1077026363323	0.2211641	0.3
13216.430286913046	300	19.34575007798529	0.0	153295	1338.4890649128536	0.6436703	-0.15000000000000002
13217.94365733571	300	21.832379655321418	0.0	173849	1513.3704226638674	0.044608735	0.3
13219.539239395126	300	24.23679759590485	0.0	150710	1595.5820594165712	0.058657415	0.3
13220.859287918576	300	26.916749072454127	0.0	139105	1320.048523450722	0.09698986	0.3
13222.179370841	300	29.59666615003011	0.0	141840	1320.0829224240183	0.16512032	0.3
13223.617769445378	300	32.158267545651334	0.0	156148	1438.3986043787743	0.18950108	0.3
13225.034655383832	300	34.74138160719881	0.0	160746	1416.885938452519	0.44295916	0.3
13228.78559150932	750	34.990445481709294	0.0	434409	3750.936125489523	0.65002245	0.3
13231.734381123075	750	36.04165586795439	0.0	337059	2948.7896137549033	0.010363322	0.75
13235.075967273562	750	36.700069717468345	0.0	366214	3341.586150486041	0.004705182	0.75
13238.542974248232	750	37.233062742798154	0.0	360831	3467.0069746701897	0.004705182	0.75
13242.541934800058	750	37.234102190971605	0.0	372963	3998.960551826544	0.004705182	0.75
13247.64400895614	750	36.13202803489086	0.0	405596	5102.074156080754	0.004705182	0.75
13250.596626028491	750	37.1794109625402	0.0	350713	2952.617072350648	0.004705182	0.75
13253.679867689432	750	38.096169301598195	0.0	386472	3083.2416609420125	0.004943292	0.75
13258.025576884633	750	37.75046010639737	0.0	399894	4345.709195200828	0.0073037283	0.75
13262.686788615581	750	37.08924837544893	0.0	401853	4661.211730948439	0.0051415563	0.75
13266.678725466034	750	37.09731152499557	0.0	343800	3991.9368504533627	0.0050437604	0.75
13269.666609889662	750	38.109427101367054	0.0	359903	2987.884423628516	0.005096927	0.75
13272.481581546279	750	39.29445544475116	0.0	379700	2814.9716566159	0.020281397	0.75
13275.409089621318	750	40.3669473697112	0.0	425781	2927.508075039954	0.08346476	0.75
13279.266080110647	1200	40.509956880383825	0.0	487160	3856.9904893273692	0.6878509	0.75
13283.968803182164	1200	39.80723380886646	0.0	622896	4702.723071517375	0.038352896	1.2
13288.720287773644	1200	39.055749217388275	0.0	641447	4751.484591478177	0.014950893	1.2
13292.91272914016	1200	38.86330785086958	0.0	570392	4192.441366518697	0.007551178	1.2
13297.991743721617	1200	37.78429326941286	0.0	620283	5079.014581456725	0.0061571286	1.2
13303.278074134729	1200	36.49796285630322	0.0	584349	5286.330413109644	0.0061296765	1.2
13309.244607873386	1200	34.531429117644485	0.0	670129	5966.533738658731	0.007664112	1.2
13319.850610293513	1200	27.92542669751774	0.0	690253	10606.002420126744	0.007366048	1.2
13328.089477773749	1200	23.68655921728247	0.0	598727	8238.867480235269	0.673874	1.2
13331.507747816191	750	24.268289174837893	0.0	321064	3418.2700424445748	0.69397724	0.3
13335.664818891168	750	24.111218099862526	0.0	361565	4157.071074975367	0.01954407	0.75
13339.116573153522	750	24.659463837507463	0.0	378327	3451.75426235506	0.022730019	0.75
13342.202125576427	750	25.573911414602307	0.0	390680	3085.552422905158	0.18782756	0.75
13346.922744685517	1200	24.853292305512998	0.0	566904	4720.619109089309	0.65341765	0.75
13353.281780779911	1200	22.494256211117623	0.0	641452	6359.0360943953765	0.04384503	1.2
13359.596725389243	1200	20.17931160178405	0.0	599477	6314.944609333574	0.1374361	1.2
13369.851137371024	1200	13.924899620004101	0.0	634861	10254.41198177995	0.2677138	1.2
13377.431670389675	750	10.344366601353068	0.0	398987	7580.533018651035	0.069933616	0.3
13379.198224356824	300	12.577812634203838	0.0	160064	1766.553967149229	0.20189334	-0.15000000000000002
13380.725993656757	300	15.050043334271715	0.0	137507	1527.7692999321218	0.6960035	0.3
13384.063280448905	750	15.712756542123628	0.0	314107	3337.2867921480865	0.34963155	0.3

