1971.9803698717708	750	4.0	3.791441730238546	450283	3791.441730238546	0.0072929165	-15.553199440025747
1973.367416126343	300	6.6129537454278156	0.0	155580	1387.046254572185	0.47574136	-0.15000000000000002
1974.3846421908197	300	9.595727680951125	0.0	139857	1017.2260644766923	0.1878155	0.3
1975.3372304439129	300	12.643139427858042	0.0	155432	952.5882530930813	0.04831275	0.3
1976.3580540957735	300	15.622315775997306	0.0	163442	1020.8236518607367	0.65039253	0.3
1978.4980829925012	750	17.482286879269665	0.0	318564	2140.028896727641	0.6546611	0.3
1979.5448639177007	300	20.435505954069967	0.0	153295	1046.7809251996973	0.63439953	-0.15000000000000002
1980.7704442016193	300	23.209925670151303	0.0	173849	1225.5802839186633	0.24300474	0.3
1981.9516944750058	300	26.028675396764868	0.0	150710	1181.2502733864364	0.32270026	0.3
1984.0128863488012	750	27.967483522969495	0.0	362795	2061.1918737953747	0.43597174	0.3
1985.5810547222977	750	30.399315149473026	0.0	353220	1568.1683734964663	0.025545215	0.75
1986.919663168662	750	33.060706703108714	0.0	405134	1338.6084463643137	0.009490938	0.75
1989.3049556058431	1200	34.67541426592768	0.0	624282	2385.2924371810386	0.6968313	0.75
1992.3543156383696	1200	35.626054233401156	0.0	687371	3049.3600325265265	0.012431579	1.2
1995.8736111638634	1200	36.1067587079073	0.0	526950	3519.2955254938615	0.00628589	1.2
1999.1074676263174	1200	36.8729022454534	0.0	587876	3233.8564624538903	0.09760282	1.2
2002.1791666466877	1200	37.801203225082915	0.0	617242	3071.69902037049	0.027245404	1.2
2005.5334501682528	1200	38.44691970351809	0.0	581493	3354.2835215648256	0.007063147	1.2
2009.5433901996046	1200	38.43697967216611	0.0	639204	4009.9400313519773	0.008505497	1.2
2013.1939074046138	1200	38.78646246715689	0.0	586839	3650.5172050092215	0.009023079	1.2
2018.1987707458838	1200	37.78159912588679	0.0	601738	5004.863341270092	0.008320993	1.2
2025.1442054190231	1200	34.836164452747674	0.0	616206	6945.4346731391215	0.102246106	1.2
2029.7543510172945	750	34.22601885447622	0.0	401853	4610.145598271454	0.6716717	0.3
2032.8078096704555	750	35.17256020131519	0.0	343800	3053.4586531610303	0.009384633	0.75
2035.5580203756622	750	36.42234949610858	0.0	359903	2750.2107052066167	0.018067945	0.75
2038.4703032286968	750	37.51006664307391	0.0	379700	2912.2828530346687	0.08183918	0.75
2040.9114167811451	750	39.06895309062567	0.0	425781	2441.113552448248	0.21020718	0.75
2044.294461708474	1200	39.68590816329696	0.0	487160	3383.0449273287086	0.34399003	0.75
2049.112815540352	1200	38.867554331418695	0.0	622896	4818.353831878263	0.015090447	1.2
2052.4223125485396	1200	39.55805732323125	0.0	641447	3309.497008187441	0.02175112	1.2
2055.900491470823	1200	40.07987840094788	0.0	570392	3478.1789222833736	0.004705182	1.2
2059.600560115431	1200	40.37980975633993	0.0	620283	3700.068644607946	0.004705182	1.2
2063.926428852261	1200	40.05394101950987	0.0	584349	4325.868736830058	0.004705182	1.2
2070.14601509487	1200	37.834354776900746	0.0	670129	6219.586242609121	0.004705182	1.2
2077.5581661697674	1200	34.42220370200356	0.0	690253	7412.151074897191	0.004705182	1.2
2083.630196445827	1200	32.350173425944085	0.0	598727	6072.0302760594695	0.00702672	1.2
2087.6291353032775	1200	32.3512345684938	0.0	487812	3998.938857450283	0.008936832	1.2
2093.913320491693	1200	30.067049380078153	0.0	575591	6284.1851884156495	0.0063865725	1.2
2101.4984762193844	1200	26.481893652386777	0.0	605884	7585.1557276913745	0.015230281	1.2
2109.177371099212	1200	22.802998772558965	0.0	587506	7678.894879827815	0.0928574	1.2
2118.65227774088	1200	17.328092130891115	0.0	566904	9474.906641667852	0.3347978	1.2
2128.1956857040964	750	11.784684167674804	0.0	384505	9543.407963216308	0.08122811	0.3
2131.4202356759024	300	12.560134195868564	0.0	145210	3224.54997180624	0.4011386	-0.15000000000000002
2134.1497070559813	300	13.830662815790026	0.0	172312	2729.4713800785385	0.12086407	0.3
2135.874030209838	300	16.106339661933504	0.0	167025	1724.3231538565235	0.3734719	0.3
2139.5429515418377	750	16.437418329933656	0.0	393804	3668.921331999847	0.30547097	0.3
2142.959712194888	750	17.020657676883097	0.0	331053	3416.7606530505627	0.011207324	0.75
2146.0945350265383	750	17.885834845233173	0.0	314107	3134.822831649923	0.008864821	0.75

