24862.150797312053	750	4.0	2.855960794164828	450283	2855.9607941648283	0.03626003	-11.530631414908761
24863.708978115417	750	6.441819196637774	0.0	398865	1558.1808033622256	0.0865954	0.75
24865.043687922902	750	9.107109389153718	0.0	350812	1334.7098074840558	0.004705182	0.75
24867.01367508143	750	11.137122230623794	0.0	382355	1969.9871585299243	0.0054859263	0.75
24869.189907368924	750	12.960889943130661	0.0	411561	2176.232287493132	0.015836868	0.75
24871.087074260002	750	15.063723052056845	0.0	318564	1897.166891073818	0.012012374	0.75
24873.181809337468	750	16.968987974590373	0.0	352642	2094.735077466472	0.050816096	0.75
24876.156720191255	750	17.994077120800767	0.0	437162	2974.9108537896072	0.13991666	0.75
24878.25384917489	750	19.896948137164557	0.0	374758	2097.128983636212	0.2260367	0.75
24879.786903179745	750	22.363894132310588	0.0	362795	1533.0540048539697	0.040473506	0.75
24881.14423897894	750	25.006558333115198	0.0	353220	1357.3357991953885	0.0061002425	0.75
24882.580814100733	750	27.569983211323457	0.0	405134	1436.5751217917393	0.028163575	0.75
24884.392126653944	750	29.75867065811078	0.0	386351	1811.3125532126796	0.6206672	0.75
24886.226990630348	750	31.923806681706118	0.0	434409	1834.8639764046588	0.35063392	0.75
24887.869765150605	1200	34.28103216144934	0.0	526950	1642.7745202567821	0.56156874	0.75
24890.005255748783	1200	36.145541563268914	0.0	587876	2135.4905981804277	0.004705182	1.2
24892.63754536089	1200	37.51325195116034	0.0	617242	2632.2896121085696	0.004705182	1.2
24895.157123389155	1200	38.99367392289426	0.0	581493	2519.5780282660758	0.004705182	1.2
24898.64771349046	1200	39.5030838215889	0.0	639204	3490.5901013053594	0.004705182	1.2
24902.02587424008	1200	40.1249230719683	0.0	586839	3378.160749620602	0.004705182	1.2
24905.240557871704	1200	40.910239440345855	0.0	601738	3214.6836316224467	0.004705182	1.2
24908.343290409848	1200	41.80750690220163	0.0	616206	3102.7325381442215	0.004705182	1.2
24912.17661244469	1200	41.97418486735973	0.0	656471	3833.322034841899	0.004705182	1.2
24916.187648374154	1200	41.96314893789558	0.0	536667	4011.03592946415	0.004705182	1.2
24920.360681568494	1200	41.79011574355445	0.0	587236	4173.033194341127	0.004705182	1.2
24924.246766718687	1200	41.904030593364304	0.0	590335	3886.0851501901498	0.004705182	1.2
24928.40209562014	1200	41.74870169191243	0.0	696376	4155.328901451878	0.004705182	1.2
24930.862601726174	1200	43.28819558587472	0.0	487160	2460.5061060377093	0.004705182	1.2
24936.558901063374	1200	41.59189624867262	0.0	622896	5696.299337202103	0.004705182	1.2
24941.54655567436	1200	40.60424163768694	0.0	641447	4987.654610985675	0.004705182	1.2
24946.676607174573	1200	39.47419013747445	0.0	570392	5130.051500212491	0.004705182	1.2
24952.462329836235	1200	37.68846747581329	0.0	620283	5785.722661661156	0.0049189203	1.2
24958.807186417416	1200	35.34361089463268	0.0	584349	6344.856581180602	0.007133482	1.2
24964.862232164967	1200	33.288565147080604	0.0	670129	6055.045747552082	0.023701662	1.2
24969.393586718856	1200	32.757210593190656	0.0	690253	4531.354553889951	0.011476412	1.2
24973.337163796496	1200	32.813633515552105	0.0	598727	3943.5770776385466	0.004705182	1.2
24982.641980977696	1200	27.508816334351213	0.0	487812	9304.817181200897	0.004705182	1.2
24984.997459219445	750	29.15333809260241	0.0	361565	2355.478241748802	0.48200643	0.3
24988.454940307583	1200	29.69585700446198	0.0	605884	3457.4810881404287	0.21877475	0.75
24991.591572429854	1200	30.559224882192737	0.0	587506	3136.6321222692427	0.004705182	1.2
24994.131836906294	1200	32.01896040575239	0.0	566904	2540.264476440347	0.0053622397	1.2
24996.43522247192	1200	33.715574840129456	0.0	641452	2303.3855656229357	0.04800938	1.2
25001.039418187265	2850	33.11137912478233	0.0	1343002	4604.195715347123	0.021785773	1.2000000000000002
25006.133256970945	2850	32.01754034110194	0.0	1587250	5093.838783680392	0.014532462	2.85
25010.0873061778	2850	32.063491134250405	0.0	1464921	3954.0492068515327	0.16855386	2.85
25017.005464581398	4300	29.145332730652136	0.0	2246506	6918.15840359827	0.6127851	2.8499999999999996
25024.534787964938	4300	25.61600934711217	0.0	1961140	7529.323383539965	0.004705182	4.3
25036.996373888298	4300	17.15442342374786	0.0	2155012	12461.585923364311	0.01020152	4.3

