14748.58254555942	750	4.0	5.127185897414645	450283	5127.185897414644	0.03488827	-21.29689935888297
14750.475827060674	300	6.106718498746048	0.0	155580	1893.2815012539522	0.009129943	-0.15000000000000002
14752.118788962978	300	8.463756596441497	0.0	139857	1642.961902304551	0.006534556	0.3
14753.957745610138	300	10.624799949282068	0.0	155432	1838.9566471594298	0.004705182	0.3
14755.98400580687	300	12.598539752552488	0.0	163442	2026.2601967295793	0.007300983	0.3
14757.192656382234	300	15.389889177186298	0.0	126289	1208.6505753661886	0.0142097175	0.3
14759.138929384982	300	17.44361617443911	0.0	153295	1946.2730027471887	0.006148963	0.3
14761.331616809946	300	19.250928749475584	0.0	173849	2192.6874249635252	0.004705182	0.3
14763.246859803821	300	21.335685755600014	0.0	150710	1915.2429938755702	0.0047728373	0.3
14764.715199028906	300	23.86734653051648	0.0	139105	1468.339225083535	0.00929142	0.3
14765.961878526086	300	26.62066703333677	0.0	141840	1246.6794971797092	0.017177898	0.3
14767.441894165097	300	29.1406513943253	0.0	156148	1480.0156390114662	0.04023969	0.3
14768.917304932302	300	31.665240627120642	0.0	160746	1475.4107672046582	0.070094794	0.3
14771.087574313071	300	33.49497124635227	0.0	179801	2170.269380768368	0.34265712	0.3
14772.595680511968	300	35.986865047454906	0.0	140051	1508.1061988973706	0.41804332	0.3
14776.595414325573	750	35.98713123384979	0.0	366214	3999.733813605119	0.68534756	0.3
14781.338273649988	750	35.244271909432804	0.0	360831	4742.85932441698	0.011428427	0.75
14786.319743053731	750	34.26280250569033	0.0	372963	4981.469403742477	0.013666711	0.75
14790.18309396498	750	34.39945159444024	0.0	405596	3863.35091125009	0.0170043	0.75
14792.942376052892	750	35.64016950653019	0.0	350713	2759.2820879100514	0.004705182	0.75
14795.326513120985	750	37.25603243843692	0.0	386472	2384.1370680932746	0.004705182	0.75
14798.457914139286	750	38.12463142013527	0.0	399894	3131.4010183016435	0.01762648	0.75
14801.36837795372	750	39.21416760570044	0.0	401853	2910.463814434836	0.02257174	0.75
14803.983781658788	750	40.59876390063496	0.0	343800	2615.40370506548	0.13541977	0.75
14806.843370683575	750	41.739174875847375	0.0	359903	2859.58902478758	0.20939344	0.75
14810.21941326826	750	42.36313229116209	0.0	379700	3376.042584685286	0.3088863	0.75
14813.732384488887	750	42.85016107053707	0.0	425781	3512.9712206250215	0.32648727	0.75
14820.25873359427	1200	40.32381196515348	0.0	487160	6526.349105383586	0.6942159	0.75
14827.700609681056	750	36.8819358783667	0.0	400396	7441.8760867867795	0.54789215	0.3
14834.821488582329	750	33.76105697709338	0.0	400508	7120.878901273322	0.007952349	0.75
14842.020079128395	750	30.562466431027474	0.0	358218	7198.590546065905	0.004908842	0.75
14849.592329719691	750	26.99021583973238	0.0	400322	7572.250591295094	0.004705182	0.75
14855.602998573586	750	24.97954698583575	0.0	369834	6010.668853896631	0.004705182	0.75
14865.251836305102	750	19.330709254320034	0.0	412837	9648.837731515716	0.004705182	0.75
14877.689286071552	750	10.89325948787064	0.0	401088	12437.449766449394	0.04972694	0.75
14881.188247508006	300	11.394298051416571	0.0	159914	3498.961436454069	0.004705182	-0.15000000000000002
14883.569682645264	300	13.012862914160163	0.0	131610	2381.435137256409	0.004705182	0.3
14885.480242857673	300	15.102302701751663	0.0	124011	1910.5602124085005	0.004705182	0.3
14887.097896334337	300	17.484649225086905	0.0	144254	1617.6534766647576	0.0056871837	0.3
14889.373829078339	300	19.208716481085315	0.0	149991	2275.9327440015895	0.25249553	0.3
14891.731652911196	300	20.850892648229546	0.0	147968	2357.8238328557673	0.49127948	0.3
14894.208689868772	300	22.373855690652203	0.0	161857	2477.0369575773434	0.6851329	0.3
14901.613256917866	750	18.969288641558126	0.0	372093	7404.567049094075	0.5878537	0.3
14909.38277892962	750	15.199766629805024	0.0	438281	7769.522011753102	0.62879634	0.75
14913.71762917664	750	14.864916382785038	0.0	398987	4334.850247019986	0.39387852	0.75
14917.349181104197	750	15.233364455227315	0.0	393804	3631.551927557724	0.10039322	0.75
14920.991887369526	750	15.590658189897901	0.0	331053	3642.7062653294133	0.00902496	0.75
14924.871151993599	750	15.711393565825732	0.0	314107	3879.264624072169	0.009329696	0.75

