19174.21201757011	750	4.0	4.955564253110452	450283	4955.564253110451	0.6231382	-20.55892628837494
19177.313887766966	300	4.898129803144833	0.0	155580	3101.870196855167	0.013052458	-0.15000000000000002
19181.845957017435	300	4.366060552675044	0.0	139857	4532.06925046979	0.004705182	0.3
19186.3065150891	300	4.0	0.09449751899309194	155432	4460.558071668135	0.004705182	-0.10633933167029536
19190.509089497227	300	4.0	0.20257440812354435	163442	4202.574408123544	0.004705182	-0.5710699549312408
19193.070725977796	300	5.4383635194307365	0.0	126289	2561.6364805692638	0.004705182	0.3
19196.615474373408	300	5.893615123821788	0.0	153295	3544.7483956089477	0.004705182	0.3
19200.789817575776	300	5.719271921455934	0.0	173849	4174.343202365854	0.004705182	0.3
19204.503505578567	300	6.005583918662889	0.0	150710	3713.6880027930442	0.004705182	0.3
19209.173633866838	300	5.335455630391578	0.0	139105	4670.128288271311	0.004705182	0.3
19214.709328227982	300	4.0	0.20023873074991025	141840	5535.694361141488	0.004705182	-0.5610265422246141
19218.127671779857	300	4.5816564481259725	0.0	156148	3418.343551874027	0.004705182	0.3
19220.777744047788	300	5.931584180193429	0.0	160746	2650.0722679325436	0.004705182	0.3
19222.954283784235	300	7.755044443746576	0.0	179801	2176.5397364468536	0.004705182	0.3
19225.069675753006	300	9.639652474976108	0.0	140051	2115.3919687704674	0.004705182	0.3
19227.688876348286	300	11.020451879694862	0.0	138313	2619.200595281248	0.004705182	0.3
19230.35913917235	300	12.350189055631322	0.0	143509	2670.2628240635395	0.004705182	0.3
19231.79006308326	300	14.919265144724124	0.0	150616	1430.9239109071982	0.004705182	0.3
19233.01814828838	300	17.691179939601383	0.0	165384	1228.0852051227403	0.004705182	0.3
19234.11477266809	300	20.594555559893635	0.0	140881	1096.6243797077523	0.021836728	0.3
19235.77199981574	300	22.93732841224439	0.0	157671	1657.2271476492424	0.040778223	0.3
19237.299428062743	300	25.409900165240742	0.0	157812	1527.428247003648	0.08745683	0.3
19238.657625346284	300	28.051702881701104	0.0	163927	1358.1972835396361	0.42646348	0.3
19242.02016730859	750	28.689160919393935	0.0	343800	3362.5419623071734	0.55343455	0.3
19245.28521247259	750	29.424115755395352	0.0	359903	3265.0451639985786	0.008696012	0.75
19247.963055180353	750	30.74627304763286	0.0	379700	2677.8427077624906	0.004705182	0.75
19257.813546376154	750	24.895781851830368	0.0	425781	9850.491195802493	0.010068421	0.75
19260.38371962282	300	26.32560860516209	0.0	111155	2570.1732466682806	0.18919565	-0.15000000000000002
19264.081802990648	300	26.62752523733336	0.0	153605	3698.083367828731	0.25686544	0.3
19271.94997589842	750	22.759352329563818	0.0	400508	7868.172907769539	0.58143735	0.3
19276.346763409107	750	22.362564818873278	0.0	358218	4396.787510690542	0.5658767	0.75
19280.748868120678	750	21.9604601073051	0.0	400322	4402.104711568179	0.07139577	0.75
19285.35156439409	750	21.35776383389623	0.0	369834	4602.696273408872	0.006510196	0.75
19288.339339017868	750	22.369989210113456	0.0	412837	2987.7746237827705	0.0076960362	0.75
19290.86567731593	750	23.843650912049295	0.0	401088	2526.338298064162	0.0069626826	0.75
19293.58856934641	750	25.12075888156651	0.0	365161	2722.892030482786	0.12655927	0.75
19295.747765160257	750	26.961563067722736	0.0	321064	2159.1958138437717	0.23153155	0.75
19298.981021783304	750	27.728306444675503	0.0	361565	3233.2566230472285	0.6306716	0.75
19305.287630990937	750	25.4216972370403	0.0	378327	6306.609207635206	0.53234553	0.75
19307.777633035566	750	26.931695192412135	0.0	390680	2490.0020446281646	0.02186471	0.75
19309.941568495153	750	28.767759732823293	0.0	345516	2163.93545958884	0.52519226	0.75
19313.321641397433	1200	29.387686830547885	0.0	641452	3380.072902275409	0.11078823	0.75
19317.55916668818	1200	29.150161539798045	0.0	599477	4237.52529074984	0.00938973	1.2
19321.90052675215	1200	28.80880147582846	0.0	634861	4341.360063969587	0.0065628123	1.2
19326.33313540772	1200	28.376192820260606	0.0	630203	4432.60865556785	0.014165579	1.2
19330.49044322494	1200	28.218885003041574	0.0	638661	4157.307817219033	0.009847236	1.2
19333.742117492588	1200	28.96721073539624	0.0	538612	3251.6742676453364	0.01809021	1.2
19340.737681185627	1200	25.971647042357173	0.0	550906	6995.563693039063	0.02460337	1.2

