9058.401893750517	750	4.0	1.256359210868177	450283	1256.359210868177	0.18471321	-4.652344606733161
9059.710767183287	750	6.691126567228839	0.0	398865	1308.8734327711609	0.004705182	0.75
9060.952434060613	750	9.449459689903751	0.0	350812	1241.6668773250879	0.004705182	0.75
9062.205605398325	750	12.196288352190816	0.0	382355	1253.171337712936	0.004705182	0.75
9063.313052343132	750	15.088841407384717	0.0	411561	1107.446944806099	0.104699925	0.75
9064.89862790384	1200	17.50326584667774	0.0	520315	1585.575560706977	0.6123886	0.75
9068.165798872287	1200	18.236094878230503	0.0	561791	3267.170968447237	0.035691455	1.2
9069.55583702329	750	20.846056727227587	0.0	437162	1390.038151002916	0.20926327	0.3
9071.830785387076	1200	22.57110836344081	0.0	584846	2274.948363786779	0.45714074	0.75
9073.958914731735	1200	24.442979018781294	0.0	560821	2128.1293446595155	0.032840725	1.2
9076.852369655171	1200	25.54952409534479	0.0	607410	2893.454923436503	0.017016506	1.2
9079.575710757477	1200	26.826182993038486	0.0	594078	2723.3411023063045	0.0863301	1.2
9081.463233172239	1200	28.938660578277645	0.0	624282	1887.5224147608385	0.02783953	1.2
9083.971694807375	1200	30.43019894314118	0.0	687371	2508.4616351364693	0.004705182	1.2
9086.09958053101	1200	32.30231321950553	0.0	526950	2127.885723635647	0.004705182	1.2
9088.593872641935	1200	33.80802110857931	0.0	587876	2494.2921109262147	0.004705182	1.2
9090.423175484886	1200	35.97871826562832	0.0	617242	1829.3028429509893	0.004705182	1.2
9091.932080120612	1200	38.469813629902156	0.0	581493	1508.9046357261677	0.00710706	1.2
9093.356020977393	1200	41.045872773121296	0.0	639204	1423.9408567808648	0.032413676	1.2
9096.429246904949	2850	41.972646845566075	0.0	1336050	3073.2259275552196	0.0572643	1.2000000000000002
9100.432361575897	2850	41.96953217461937	0.0	1415116	4003.1146709467043	0.008516654	2.85
9104.428114633327	2850	41.97377911718832	0.0	1468126	3995.7530574310417	0.008172644	2.85
9109.51141959532	2850	40.89047415519528	0.0	1505760	5083.304961993047	0.0143706435	2.85
9113.243885496273	2850	41.15800825424138	0.0	1323990	3732.4659009538955	0.00790973	2.85
9117.01662003301	2850	41.385273717505584	0.0	1383735	3772.734536735798	0.014046885	2.85
9121.039583505184	2850	41.36231024533196	0.0	1480464	4022.9634721736243	0.010705485	2.85
9126.870265016654	2850	39.53162873386037	0.0	1547572	5830.681511471587	0.013340686	2.85
9132.35204068302	2850	38.04985306749405	0.0	1141971	5481.775666366326	0.004705182	2.85
9148.24926358819	2850	26.152630162324737	0.0	1498470	15897.22290516931	0.004705182	2.85
9163.042724670851	1200	15.35916907966354	0.0	641447	14793.461082661199	0.01563457	-0.44999999999999996
9165.875579016147	300	16.526314734367855	0.0	157421	2832.8543452956847	0.004705182	-0.6000000000000001
9168.454569892117	300	17.94732385839735	0.0	157488	2578.990875970501	0.11648805	0.3
9169.537482938349	300	20.86441081216608	0.0	143881	1082.9130462312694	0.3952088	0.3
9172.354365650153	750	22.04752810036218	0.0	412837	2816.882711803906	0.14740789	0.3
9174.503534860234	750	23.898358890280022	0.0	401088	2149.1692100821565	0.22039536	0.75
9177.092231408957	1200	25.30966234155685	0.0	598727	2588.6965487231705	0.4312302	0.75
9179.63490748852	1200	26.766986261994873	0.0	487812	2542.6760795619784	0.004705182	1.2
9183.07789670335	1200	27.323997047164177	0.0	575591	3442.9892148306963	0.004705182	1.2
9185.831135793918	1200	28.570757956595525	0.0	605884	2753.2390905686525	0.005000381	1.2
9190.46846522749	1200	27.9334285230247	0.0	587506	4637.329433570827	0.032049555	1.2
9195.458055115763	1200	26.94383863475174	0.0	566904	4989.589888272959	0.0059989295	1.2
9199.955464698622	1200	26.44642905189308	0.0	641452	4497.409582858657	0.004705182	1.2
9204.6064079037	1200	25.79548584681491	0.0	599477	4650.943205078171	0.005958702	1.2
9208.699724559352	1200	25.702169191164447	0.0	634861	4093.3166556504625	0.004705182	1.2
9214.371608071817	1200	24.030285678699133	0.0	630203	5671.883512465316	0.0063652648	1.2
9222.151561177965	1200	20.250332572551734	0.0	638661	7779.953106147397	0.004705182	1.2
9229.795647267303	1200	16.606246483215386	0.0	538612	7644.086089336349	0.020790858	1.2
9237.063308590657	1200	13.33858515985946	0.0	550906	7267.661323355926	0.64379704	1.2

