24157.37452391797	750	4.0	2.54228302815134	450283	2542.28302815134	0.0058713052	-10.181817021050762
24159.160533613816	750	6.213990304153536	0.0	398865	1786.0096958464633	0.01534551	0.75
24160.42180501764	750	8.95271890032892	0.0	350812	1261.2714038246152	0.004705182	0.75
24162.262458530393	750	11.11206538757434	0.0	382355	1840.653512754581	0.004705182	0.75
24164.228892871583	750	13.145631046384064	0.0	411561	1966.434341190276	0.010134813	0.75
24165.590072530536	750	15.784451387428252	0.0	318564	1361.1796589558128	0.007867939	0.75
24167.144892302793	750	18.2296316151722	0.0	352642	1554.8197722560544	0.009398906	0.75
24168.847533323602	750	20.52699059436232	0.0	437162	1702.6410208098773	0.010860727	0.75
24170.406666172177	750	22.9678577457882	0.0	374758	1559.1328485741178	0.013687832	0.75
24173.346814174485	750	24.027709743479654	0.0	362795	2940.148002308546	0.04745816	0.75
24176.340274148435	750	25.03424976953148	0.0	353220	2993.459973948173	0.011963225	0.75
24185.35287268177	750	20.021651236194174	0.0	405134	9012.598533337306	0.017306738	0.75
24188.960510429297	300	20.414013488669266	0.0	160746	3607.637747524909	0.006157669	-0.15000000000000002
24191.987715074643	300	21.386808843323916	0.0	179801	3027.204645345349	0.005112777	0.3
24193.422118102495	300	23.95240581547277	0.0	140051	1434.403027851148	0.004705182	0.3
24194.62568971378	300	26.74883420418781	0.0	138313	1203.57161128496	0.0237901	0.3
24195.872186531007	300	29.50233738696206	0.0	143509	1246.4968172257477	0.048630096	0.3
24197.231226006024	300	32.14329791194613	0.0	150616	1359.0394750159332	0.25395525	0.3
24201.668512107535	750	31.706011810434312	0.0	405596	4437.286101511818	0.6968214	0.3
24204.855707293907	750	32.5188166240605	0.0	350713	3187.195186373813	0.031496983	0.75
24207.53250361817	750	33.84202029980114	0.0	386472	2676.7963242593555	0.004705182	0.75
24210.72306039979	750	34.65146351818249	0.0	399894	3190.5567816186567	0.004793638	0.75
24213.805695930994	750	35.56882798697745	0.0	401853	3082.6355312050264	0.005823436	0.75
24216.187576319182	750	37.18694759879155	0.0	343800	2381.880388185907	0.01818847	0.75
24219.34771420599	750	38.026809711983475	0.0	359903	3160.137886808071	0.08244364	0.75
24222.678258220316	750	38.69626569765682	0.0	379700	3330.5440143266633	0.06172804	0.75
24226.394691105692	750	38.97983281227791	0.0	425781	3716.4328853789034	0.080518305	0.75
24228.785143584315	750	40.58938033365607	0.0	277716	2390.452478621844	0.27076295	0.75
24231.705456904616	750	41.66906701335318	0.0	400396	2920.3133203028906	0.37583867	0.75
24234.259581894097	750	43.114942023873716	0.0	400508	2554.1249894794587	0.67431813	0.75
24238.73848061933	1200	42.63604329863946	0.0	570392	4478.898725234252	0.11485731	0.75
24244.03747306692	1200	41.33705085104581	0.0	620283	5298.992447593651	0.0053093634	1.2
24249.22419918111	1200	40.15032473685913	0.0	584349	5186.726114186679	0.0055884714	1.2
24254.597411847997	1200	38.77711206997033	0.0	670129	5373.212666888801	0.0056015006	1.2
24258.93572217782	1200	38.438801740149614	0.0	690253	4338.31032982072	0.004705182	1.2
24262.07991081771	1200	39.29461310025848	0.0	598727	3144.188639891133	0.004705182	1.2
24265.88317620894	1200	39.49134770902652	0.0	487812	3803.2653912319593	0.0071076206	1.2
24270.165845412288	1200	39.20867850567766	0.0	575591	4282.669203348868	0.0050397306	1.2
24272.426084494982	1200	40.948439422982446	0.0	605884	2260.239082695213	0.008565014	1.2
24277.34534855499	2850	40.02917536297417	0.0	1402287	4919.264060008275	0.3319995	1.2000000000000002
24281.603545663762	2850	39.770978254202085	0.0	1339500	4258.197108772089	0.005025586	2.85
24288.137222540474	2850	37.2373013774892	0.0	1527299	6533.676876712879	0.03344593	2.85
24296.424179215213	2850	32.95034470274915	0.0	1343002	8286.956674740051	0.0076036346	2.85
24309.8839968996	2850	23.490527018365057	0.0	1587250	13459.81768438409	0.004705182	2.85
24314.49490852803	1200	22.87961538993785	0.0	630203	4610.911628427207	0.005373138	-0.44999999999999996
24319.658060317484	1200	21.71646360048672	0.0	638661	5163.151789451132	0.004705182	1.2
24322.200937067628	1200	23.173586850342705	0.0	538612	2542.8767501440143	0.004705182	1.2
24324.888557055972	1200	24.485966861999035	0.0	550906	2687.619988343672	0.014779305	1.2

