3882.3966572675467	750	4.0	1.4342768133466879	450283	1434.276813346688	0.087312356	-5.4173902973907575
3883.756818525643	750	6.6398387419037395	0.0	398865	1360.16125809626	0.004705182	0.75
3885.187117213521	750	9.209540054025693	0.0	350812	1430.298687878048	0.004705182	0.75
3886.502186631913	750	11.89447063563421	0.0	382355	1315.0694183914811	0.004705182	0.75
3887.783590920137	750	14.613066347409948	0.0	411561	1281.4042882242632	0.021937784	0.75
3889.011896250168	750	17.38476101737922	0.0	318564	1228.305330030729	0.31369162	0.75
3890.579239829169	750	19.81741743837792	0.0	352642	1567.3435790012984	0.06331502	0.75
3892.6098544007564	750	21.786802866790907	0.0	437162	2030.6145715870136	0.019757727	0.75
3894.303057171121	750	24.09360009642611	0.0	374758	1693.202770364799	0.06024629	0.75
3896.184235228626	750	26.212422038921144	0.0	362795	1881.1780575049627	0.069480225	0.75
3897.7135578135744	750	28.68309945397263	0.0	353220	1529.322584948512	0.021536116	0.75
3899.7917935383157	750	30.604863729231596	0.0	405134	2078.2357247410364	0.30865702	0.75
3904.4211587883833	1200	29.975498479163914	0.0	624282	4629.365250067682	0.1913024	0.75
3909.520539023224	1200	28.876118244323287	0.0	687371	5099.380234840628	0.26464364	1.2
3910.8280909215255	750	31.568566346022237	0.0	337059	1307.5518983010493	0.13652399	0.3
3913.266740022668	1200	33.12991724488005	0.0	587876	2438.6491011421945	0.5534944	0.75
3915.7861491785384	1200	34.610508089009045	0.0	617242	2519.4091558709983	0.02392715	1.2
3918.348384826689	1200	36.048272440858504	0.0	581493	2562.2356481505403	0.00486662	1.2
3922.398899512997	1200	35.997757754550655	0.0	639204	4050.514686307846	0.004705182	1.2
3926.0115339226763	1200	36.38512334487105	0.0	586839	3612.634409679608	0.0109034255	1.2
3929.0723745618784	1200	37.324282705669276	0.0	601738	3060.8406392017687	0.01307673	1.2
3932.133418526757	1200	38.263238740790854	0.0	616206	3061.043964878425	0.004705182	1.2
3935.2794809445495	1200	39.11717632299825	0.0	656471	3146.0624177926056	0.004705182	1.2
3937.6667995507373	1200	40.729857716810656	0.0	536667	2387.3186061875913	0.004705182	1.2
3940.8026857547156	1200	41.59397151283233	0.0	587236	3135.8862039783294	0.004705182	1.2
3947.4688566231434	1200	38.92780064440456	0.0	590335	6666.17086842777	0.004705182	1.2
3956.7682943078826	1200	33.628362959665345	0.0	696376	9299.43768473921	0.020231748	1.2
3960.2899469509343	750	34.10671031661343	0.0	277716	3521.652643051911	0.31935918	0.3
3963.5785487304925	750	34.8181085370552	0.0	400396	3288.601779558228	0.025716353	0.75
3967.244662441178	750	35.15199482636978	0.0	400508	3666.1137106854226	0.14762448	0.75
3969.7934414414904	750	36.60321582605756	0.0	358218	2548.779000312219	0.2639353	0.75
3972.448791210197	750	37.947866057350595	0.0	400322	2655.3497687069694	0.597712	0.75
3974.6533995956165	1200	39.74325767193169	0.0	584349	2204.608385418905	0.21170735	0.75
3976.5760653609927	1200	41.82059190655556	0.0	670129	1922.6657653761206	0.0112120705	1.2
3981.9698500083778	2850	40.42680725917038	0.0	1492672	5393.7846473851805	0.17405605	1.2000000000000002
3986.397238933523	2850	39.99941833402481	0.0	1439896	4427.388925145572	0.004705182	2.85
3990.2821672078157	2850	40.11449005973238	0.0	1139291	3884.92827429243	0.14728503	2.85
3998.518487771846	2850	35.87816949570151	0.0	1499009	8236.320564030866	0.041670647	2.85
4004.259914189001	2850	34.13674307854689	0.0	1427478	5741.426417154627	0.004705182	2.85
4012.3708010801743	2850	30.02585618737355	0.0	1402287	8110.88689117334	0.006583703	2.85
4019.030106436452	2850	27.366550831095743	0.0	1339500	6659.305356277805	0.004705182	2.85
4024.8637278897363	2850	25.532929377811566	0.0	1527299	5833.621453284179	0.004705182	2.85
4030.690410518609	2850	23.706246748938852	0.0	1343002	5826.682628872717	0.004705182	2.85
4037.9447779954044	2850	20.45187927214336	0.0	1587250	7254.36747679549	0.004705182	2.85
4049.6718511986514	2850	12.724806068896118	0.0	1464921	11727.073203247242	0.004705182	2.85
4052.818271810251	1200	13.578385457296362	0.0	638661	3146.4206115997563	0.004705301	-0.44999999999999996
4055.0656139821167	1200	15.33104328543067	0.0	538612	2247.34217186569	0.004705182	1.2
4057.0500845462525	1200	17.346572721295	0.0	550906	1984.4705641356684	0.004705182	1.2

