20248.888550051928	750	4.0	6.865112348267744	450283	6865.112348267744	0.5048883	-28.7699830975513
20250.94912596949	300	5.939424082436076	0.0	155580	2060.575917563924	0.004705182	-0.15000000000000002
20252.732680173776	300	8.155869878150016	0.0	139857	1783.5542042860604	0.004705182	0.3
20254.590617868445	300	10.297932183479393	0.0	155432	1857.9376946706218	0.004705182	0.3
20256.447841164805	300	12.440708887119614	0.0	163442	1857.2232963597808	0.004705182	0.3
20257.757940869924	300	15.130609182001447	0.0	126289	1310.099705118168	0.013493516	0.3
20259.191060433423	300	17.697489618503123	0.0	153295	1433.11956349832	0.004705182	0.3
20261.01415948965	300	19.874390562272517	0.0	173849	1823.0990562306067	0.0055420604	0.3
20262.55754047316	300	22.331009578764466	0.0	150710	1543.3809835080526	0.005882541	0.3
20264.103378712505	300	24.78517133942052	0.0	139105	1545.8382393439476	0.021171773	0.3
20265.81056675822	300	27.077983293706218	0.0	141840	1707.1880457143025	0.023652105	0.3
20267.760672900207	300	29.12787715171659	0.0	156148	1950.1061419896282	0.027762368	0.3
20269.563340271758	300	31.32520978016678	0.0	160746	1802.6673715498073	0.039287698	0.3
20272.356118480297	300	32.532431571629544	0.0	179801	2792.7782085372332	0.15537429	0.3
20274.27075821519	300	34.61779183673394	0.0	140051	1914.6397348955984	0.11026885	0.3
20276.19597466363	300	36.69257538829326	0.0	138313	1925.2164484406876	0.2534422	0.3
20278.20413676338	300	38.68441328854258	0.0	143509	2008.1620997506793	0.49666718	0.3
20280.61762425908	300	40.270925792839655	0.0	150616	2413.487495702923	0.68819463	0.3
20284.334262383636	300	40.5542876682836	0.0	165384	3716.6381245560574	0.63005465	0.3
20296.557799037506	750	32.3307510144135	0.0	350713	12223.5366538701	0.60582364	0.3
20302.290476530747	300	30.598073521172203	0.0	157671	5732.677493241299	0.0065044365	-0.15000000000000002
20307.596962735683	300	29.291587316233613	0.0	157812	5306.486204938587	0.018451205	0.3
20312.03306156214	300	28.855488489777944	0.0	163927	4436.098826455669	0.014550045	0.3
20316.57503136126	300	28.313518690659112	0.0	137654	4541.969799118831	0.10138518	0.3
20321.21286113598	300	27.675688915936597	0.0	146754	4637.829774722517	0.09864198	0.3
20324.44882131565	300	28.439728736270517	0.0	153938	3235.960179666079	0.09612235	0.3
20331.916947032903	750	24.971603019019614	0.0	425781	7468.125717250902	0.49577454	0.3
20339.37998056498	750	21.50856948694342	0.0	277716	7463.033532076194	0.25877264	0.75
20343.247786781176	300	21.64076327074384	0.0	153605	3867.806216199581	0.65073216	-0.15000000000000002
20347.097813172408	300	21.790736879513943	0.0	149029	3850.026391229894	0.061769117	0.3
20351.06834681971	300	21.82020323220957	0.0	157421	3970.5336473043767	0.05762345	0.3
20352.735807676283	300	24.152742375638855	0.0	157488	1667.4608565707128	0.07859394	0.3
20353.41544124416	300	27.473108807763104	0.0	143881	679.6335678757525	0.68444264	0.3
20354.73164467614	750	30.156905375779438	0.0	412837	1316.203431983665	0.016714564	0.3
20356.29464153079	1200	32.59390852113099	0.0	690253	1562.9968546484445	0.004705182	0.75
20359.412692622438	2850	33.475857429481536	0.0	1439896	3118.051091649464	0.0047172206	1.2000000000000002
20363.56471300922	4300	33.323837042700895	0.0	1919781	4152.0203867806395	0.1419309	2.8499999999999996
20368.3497224935	4300	32.53882755841677	0.0	2147467	4785.009484284124	0.004705182	4.3
20373.06873723559	4300	31.81981281632968	0.0	2133870	4719.01474208709	0.004705182	4.3
20377.62639635088	4300	31.262153701042184	0.0	2146120	4557.6591152874935	0.004705182	4.3
20381.896539367754	4300	30.992010684165997	0.0	2108491	4270.143016876187	0.004705182	4.3
20386.92844084702	4300	29.96010920489966	0.0	2184571	5031.901479266338	0.004705182	4.3
20392.08115793981	4300	28.807392112108587	0.0	2121928	5152.717092791072	0.004705182	4.3
20397.210795915562	4300	27.67775413635752	0.0	2219102	5129.637975751068	0.004705182	4.3
20401.697260922887	4300	27.191289129032118	0.0	2124950	4486.465007325405	0.004705182	4.3
20406.8347864077	4300	26.0537636442151	0.0	2246506	5137.525484817018	0.004705182	4.3
20411.684032029603	4300	25.204518022314303	0.0	1961140	4849.245621900794	0.004705182	4.3
20417.056084607142	4300	23.832465444775757	0.0	2155012	5372.052577538548	0.004705182	4.3

