20423.875130368724	750	4.0	6.819045761582508	450283	6819.045761582508	0.004705182	-28.571896774804785
20425.82210603584	300	6.053024332886424	0.0	155580	1946.975667113577	0.004705182	-0.15000000000000002
20427.357223240146	300	8.517907128580475	0.0	139857	1535.1172043059482	0.004705182	0.3
20429.03518498399	300	10.83994538473521	0.0	155432	1677.9617438452651	0.004705182	0.3
20430.90751663327	300	12.967613735456158	0.0	163442	1872.3316492790518	0.0059330296	0.3
20433.3210597474	750	14.55407062132647	0.0	318564	2413.5431141296867	0.016628588	0.3
20434.425637730772	300	17.449492637950847	0.0	153295	1104.5779833756224	0.08272607	-0.15000000000000002
20435.420339297652	300	20.45479107107175	0.0	173849	994.7015668790992	0.016359147	0.3
20436.11060248936	300	23.76452787936338	0.0	150710	690.2631917083678	0.06309756	0.3
20437.482807291624	750	26.392323077100823	0.0	362795	1372.2048022625559	0.6877054	0.3
20439.068515764695	750	28.806614604029665	0.0	353220	1585.7084730711574	0.016822092	0.75
20441.314420308503	750	30.56071006022003	0.0	405134	2245.9045438096373	0.020894425	0.75
20443.13204410933	750	32.743086259394865	0.0	386351	1817.6238008251664	0.014752241	0.75
20445.168737982534	750	34.70639238619054	0.0	434409	2036.6938732043295	0.17875536	0.75
20447.3780480495	1200	36.4970823192237	0.0	526950	2209.310066966839	0.65435755	0.75
20449.710676150295	1200	38.16445421843111	0.0	587876	2332.628100792589	0.007501234	1.2
20452.224426658704	1200	39.6507037100231	0.0	617242	2513.7505084080117	0.004705182	1.2
20454.802655016672	1200	41.07247535205779	0.0	581493	2578.228357965307	0.004705182	1.2
20457.64548021396	1200	42.229650154769374	0.0	639204	2842.8251972884145	0.004705182	1.2
20460.113527845195	1200	43.761602523532034	0.0	586839	2468.047631237341	0.004705182	1.2
20462.67421297466	1200	45.20091739406713	0.0	601738	2560.685129464903	0.00533185	1.2
20465.70881704575	1200	46.16631332298036	0.0	616206	3034.6040710867724	0.006807412	1.2
20475.720434682098	1200	40.1546956866307	0.0	656471	10011.617636349652	0.0063646147	1.2
20482.590844982667	1200	37.284285386058016	0.0	536667	6870.410300572685	0.071510956	1.2
20486.731922265368	1200	37.14320810335744	0.0	587236	4141.077282700579	0.14222023	1.2
20494.751401798192	1200	33.123728570536144	0.0	590335	8019.479532821297	0.02732383	1.2
20499.41582678815	750	32.45930358057702	0.0	425781	4664.424989959119	0.6847143	0.3
20502.008117612648	750	33.86701275607971	0.0	277716	2592.2908244973064	0.02321507	0.75
20504.737693564344	750	35.13743680438419	0.0	400396	2729.575951695521	0.044394042	0.75
20506.42203474942	750	37.45309561931008	0.0	400508	1684.3411850740995	0.58423537	0.75
20508.791820586437	1200	39.08330978229199	0.0	570392	2369.785837018098	0.013943546	0.75
20512.01192296353	1200	39.86320740519919	0.0	620283	3220.1023770928023	0.00887667	1.2
20514.71286943253	1200	41.16226093619973	0.0	584349	2700.946468999454	0.008078777	1.2
20517.415526676356	1200	42.45960369236922	0.0	670129	2702.657243830506	0.022050241	1.2
20523.528455892567	2850	40.34667447615771	0.0	1492672	6112.929216211513	0.67396516	1.2000000000000002
20529.697872401237	2850	38.17725796748719	0.0	1439896	6169.416508670511	0.004705182	2.85
20534.854422815224	2850	37.02070755350053	0.0	1139291	5156.550413986664	0.004705182	2.85
20554.124498297904	2850	21.750632070820398	0.0	1499009	19270.07548268013	0.004705182	2.85
20556.287126602732	750	23.588003765991463	0.0	378327	2162.6283048289324	0.37497365	-1.35
20564.7267064917	1200	19.148423877022754	0.0	587506	8439.579888968712	0.03874566	0.75
20570.588820717552	1200	17.286309651174324	0.0	566904	5862.114225848428	0.055407204	1.2
20574.62284839946	1200	17.252281969266576	0.0	641452	4034.027681907748	0.04796709	1.2
20576.93221274838	1200	18.942917620347277	0.0	599477	2309.364348919298	0.0048539247	1.2
20580.207864659507	1200	19.667265709218817	0.0	634861	3275.651911128463	0.004765136	1.2
20583.114094351437	1200	20.761036017289012	0.0	630203	2906.2296919298064	0.004705182	1.2
20585.876530678044	1200	21.99859969068243	0.0	638661	2762.4363266065798	0.018293394	1.2
20590.725702440966	2850	21.14942792776023	0.0	1231456	4849.171762922199	0.81545174	1.2000000000000002
20596.653971888285	2850	19.221158480442323	0.0	1364537	5928.269447317907	0.005071494	2.85

