15457.49152011133	750	4.0	2.287148895543779	450283	2287.148895543779	0.0059545725	-9.084740250838248
15459.909371859074	750	5.582148252258925	0.0	398865	2417.8517477410755	0.0055904603	0.75
15461.758324483111	750	7.733195628221291	0.0	350812	1848.9526240376335	0.019801017	0.75
15463.757397351139	750	9.734122760194085	0.0	382355	1999.072868027208	0.07540719	0.75
15465.692328905874	750	11.79919120545749	0.0	411561	1934.9315547365961	0.021393128	0.75
15467.330750015275	750	14.160770096056668	0.0	318564	1638.4211094008222	0.008962028	0.75
15469.129850312465	750	16.361669798866714	0.0	352642	1799.100297189954	0.049453154	0.75
15472.912449813266	750	16.579070298067965	0.0	437162	3782.5995007987494	0.07970895	0.75
15476.697428788068	750	16.794091323266453	0.0	374758	3784.9789748015096	0.55911905	0.75
15478.612737904621	300	18.878782206713367	0.0	139105	1915.309116553085	0.67723405	-0.15000000000000002
15480.909666604193	300	20.5818535071418	0.0	141840	2296.928699571566	0.029310564	0.3
15483.801433484803	300	21.690086626530906	0.0	156148	2891.766880610896	0.011041563	0.3
15486.790747880805	300	22.700772230529157	0.0	160746	2989.3143960017464	0.0068955356	0.3
15490.321055126211	300	23.170464985123512	0.0	179801	3530.3072454056464	0.004935203	0.3
15494.603923404087	300	22.88759670724749	0.0	140051	4282.868277876024	0.004705182	0.3
15497.294922111572	300	24.19659799976153	0.0	138313	2690.9987074859587	0.004705182	0.3
15499.86855406581	300	25.62296604552463	0.0	143509	2573.6319542368997	0.004705182	0.3
15502.390300239213	300	27.10121987212234	0.0	150616	2521.7461734022904	0.00503915	0.3
15505.061087220654	300	28.43043289068084	0.0	165384	2670.7869814414994	0.0070861406	0.3
15507.16139081415	300	30.3301292971841	0.0	140881	2100.303593496741	0.014765785	0.3
15509.32109431354	300	32.17042579779438	0.0	157671	2159.7034993897164	0.050833404	0.3
15511.49111637066	300	34.000403740675175	0.0	157812	2170.0220571192035	0.2167496	0.3
15513.438186705802	300	36.05333340553363	0.0	163927	1947.0703351415457	0.6128843	0.3
15517.710411864153	750	35.78110824718284	0.0	343800	4272.225158350793	0.37264922	0.3
15525.4383352494	750	32.053184861934426	0.0	359903	7727.923385248415	0.00471195	0.75
15534.29420705143	750	27.197313059903816	0.0	379700	8855.871802030611	0.15438494	0.75
15544.26217527631	750	21.229344835025156	0.0	425781	9967.968224878661	0.6960342	0.75
15546.595006981366	300	22.89651312996827	0.0	111155	2332.8317050568858	0.08580549	-0.15000000000000002
15549.185454823379	300	24.306065287954425	0.0	153605	2590.447842013845	0.019543268	0.3
15550.568638508696	300	26.922881602636828	0.0	149029	1383.1836853175942	0.06960856	0.3
15553.613011331337	750	27.8785087799958	0.0	358218	3044.3728226410276	0.55257964	0.3
15556.347849480764	750	29.143670630566707	0.0	400322	2734.838149429094	0.005536077	0.75
15558.848789197373	750	30.642730913959433	0.0	369834	2500.939716607274	0.042588726	0.75
15561.399732004384	750	32.091788106948755	0.0	412837	2550.942807010679	0.19205381	0.75
15565.531195145477	1200	31.960324965855566	0.0	690253	4131.463141093186	0.6966999	0.75
15568.920912922935	1200	32.570607188396636	0.0	598727	3389.717777458931	0.004954836	1.2
15573.90273793354	1200	31.588782177790577	0.0	487812	4981.8250106060605	0.0052511333	1.2
15578.253619142013	1200	31.23790096931786	0.0	575591	4350.88120847272	0.009859068	1.2
15583.627731044193	1200	29.86378906713737	0.0	605884	5374.111902180492	0.004705182	1.2
15590.163490667186	1200	27.328029444145326	0.0	587506	6535.759622992041	0.005010817	1.2
15594.634975648829	1200	26.85654446250319	0.0	566904	4471.484981642133	0.016797222	1.2
15599.353674091046	1200	26.1378460202859	0.0	641452	4718.698442217295	0.005964905	1.2
15606.8616686656	1200	22.629851445732143	0.0	599477	7507.994574553757	0.004705182	1.2
15618.293126594452	1200	15.198393516881259	0.0	634861	11431.457928850885	0.048902154	1.2
15624.94505862194	750	12.546461489393957	0.0	398987	6651.932027487302	0.055648174	0.3
15631.772877796955	750	9.71864231437752	0.0	393804	6827.819175016436	0.029932141	0.75
15632.999690730378	300	12.491829380954535	0.0	137507	1226.8129334229875	0.61653864	-0.15000000000000002
15633.91330343478	300	15.578216676552332	0.0	118421	913.6127044022019	0.36747748	0.3

