10153.45634553722	750	4.0	6.602941104200595	450283	6602.941104200595	0.68470454	-27.642646748062557
10155.077593705797	300	6.378751831422763	0.0	155580	1621.2481685772375	0.004705182	-0.15000000000000002
10156.712584499737	300	8.743761037482852	0.0	139857	1634.990793939913	0.0055947774	0.3
10158.674523743304	300	10.78182179391646	0.0	155432	1961.9392435663906	0.004705182	0.3
10160.712474897871	300	12.743870639348641	0.0	163442	2037.9511545678201	0.0050348355	0.3
10162.435828549242	300	15.020516987977592	0.0	126289	1723.353651371049	0.012563787	0.3
10165.408404079688	300	16.04794145752979	0.0	153295	2972.575530447798	0.004705182	0.3
10167.202332043815	300	18.254013493403146	0.0	173849	1793.9279641266485	0.004705182	0.3
10168.807531791876	300	20.648813745344214	0.0	150710	1605.1997480589303	0.004705182	0.3
10170.550412507184	300	22.90593303003619	0.0	139105	1742.8807153080222	0.009757249	0.3
10172.176849499943	300	25.279496037276587	0.0	141840	1626.4369927596035	0.0070818686	0.3
10173.554721301796	300	27.901624235422688	0.0	156148	1377.8718018538968	0.011805624	0.3
10174.77294554145	300	30.683399995767914	0.0	160746	1218.2242396547738	0.049655892	0.3
10177.679148511159	750	31.777197026061145	0.0	434409	2906.202969706771	0.2946217	0.3
10180.56025276585	750	32.89609277136899	0.0	337059	2881.104254692157	0.01824914	0.75
10183.704252977097	750	33.752092560122385	0.0	366214	3144.0002112466	0.0069137556	0.75
10186.6223069385	750	34.834038598720866	0.0	360831	2918.0539614015233	0.004705182	0.75
10189.6150279339	750	35.84131760332131	0.0	372963	2992.720995399559	0.004705182	0.75
10193.307572948828	750	36.14877258839244	0.0	405596	3692.5450149288645	0.004705182	0.75
10196.53812580406	750	36.91821973316232	0.0	350713	3230.552855230127	0.004705182	0.75
10200.191098506062	750	37.265247031160854	0.0	386472	3652.9727020014616	0.0055127637	0.75
10203.738573214832	750	37.71777232239039	0.0	399894	3547.474708770468	0.0057420586	0.75
10206.763560021953	750	38.69278551526867	0.0	401853	3024.9868071217184	0.008465443	0.75
10209.929566646075	750	39.5267788911469	0.0	343800	3166.006624121775	0.048973627	0.75
10213.071556169247	750	40.38478936797438	0.0	359903	3141.989523172518	0.033343565	0.75
10215.8843729768	750	41.57197256042056	0.0	379700	2812.8168075538215	0.092449695	0.75
10219.441507706719	750	42.01483783050159	0.0	425781	3557.1347299189683	0.43957344	0.75
10222.983376258499	1200	42.47296927872221	0.0	487160	3541.868551779387	0.60901767	0.75
10228.458114127987	1200	40.998231409233725	0.0	622896	5474.737869488486	0.016578775	1.2
10237.465953594237	1200	35.990391942981915	0.0	641447	9007.83946625181	0.025357451	1.2
10243.82147278231	1200	33.63487275490999	0.0	570392	6355.519188071922	0.536029	1.2
10253.42374622828	1200	28.03259930893984	0.0	620283	9602.273445970151	0.5276695	1.2
10257.85146084426	1200	27.604884692959242	0.0	584349	4427.714615980595	0.32648733	1.2
10263.81158900429	1200	25.644756532929524	0.0	670129	5960.128160029718	0.2998863	1.2
10275.65360950218	1200	17.802736035039473	0.0	690253	11842.020497890051	0.20900272	1.2
10282.823280252784	750	14.63306528443519	0.0	365161	7169.670750604284	0.011803837	0.3
10288.480181425966	750	12.976164111253091	0.0	321064	5656.901173182099	0.06649203	0.75
10292.076719177698	750	13.379626359522005	0.0	361565	3596.537751731087	0.08800896	0.75
10295.09389730788	750	14.362448229341275	0.0	378327	3017.1781301807296	0.012448571	0.75
10298.433095116257	750	15.02325042096165	0.0	390680	3339.1978083796234	0.005048867	0.75
10300.809178062224	750	16.647167474995722	0.0	345516	2376.0829459659285	0.007953957	0.75
10303.725586211536	750	17.73075932568257	0.0	384505	2916.408149313151	0.14275193	0.75
10307.024712410295	750	18.431633126923632	0.0	372093	3299.1261987589373	0.11772089	0.75
10310.039245212232	750	19.41710032498611	0.0	438281	3014.532801937522	0.10150233	0.75
10312.771067781554	750	20.68527775566512	0.0	398987	2731.822569320991	0.69527715	0.75
10316.727549624586	1200	20.728795912633707	0.0	638661	3956.48184303141	0.33596087	0.75
10322.086140350886	1200	19.370205186333926	0.0	538612	5358.590726299783	0.0064848126	1.2
10327.149247305702	1200	18.307098231517152	0.0	550906	5063.1069548167725	0.027243061	1.2

