536.4140641248428	750	4.0	3.478694088168143	450283	3478.694088168143	0.005891248	-14.208384579123015
537.6191912925608	300	6.794872832282032	0.0	155580	1205.1271677179675	0.69158465	-0.15000000000000002
538.4263844302895	300	9.987679694553293	0.0	139857	807.1931377287391	0.58722585	0.3
539.2871148858943	300	13.126949238948402	0.0	155432	860.730455604892	0.42602736	0.3
540.2047143531049	300	16.209349771737763	0.0	163442	917.5994672106389	0.5979804	0.3
541.0381202066022	300	19.37594391824047	0.0	126289	833.405853497292	0.66384566	0.3
542.1157308843899	300	22.298333240452838	0.0	153295	1077.6106777876334	0.44116446	0.3
544.7385672463095	750	23.675496878533355	0.0	437162	2622.8363619194834	0.35504675	0.3
547.6309258388054	750	24.783138286037428	0.0	374758	2892.3585924959257	0.17974895	0.75
550.9185003941343	750	25.495563730708447	0.0	362795	3287.574555328981	0.22088082	0.75
555.1261816628081	750	25.287882462034677	0.0	353220	4207.681268673767	0.3775741	0.75
561.719939298614	750	22.6941248262287	0.0	405134	6593.757635805982	0.5752271	0.75
564.1089809278524	300	24.305083196990395	0.0	160746	2389.0416292383006	0.110801786	-0.15000000000000002
566.5129431195829	300	25.90112100525974	0.0	179801	2403.962191730659	0.01304409	0.3
568.824236909175	300	27.58982721566768	0.0	140051	2311.2937895920577	0.021830298	0.3
571.9679758924062	300	28.44608823243651	0.0	138313	3143.738983231173	0.0109978095	0.3
574.4678286259262	300	29.94623549891636	0.0	143509	2499.85273352015	0.0077569466	0.3
576.8941080942718	300	31.519956030570828	0.0	150616	2426.2794683455268	0.016082954	0.3
579.4105902878617	300	33.00347383698093	0.0	165384	2516.4821935899004	0.045518517	0.3
580.3728710636775	300	36.04119306116527	0.0	140881	962.2807758156575	0.08212239	0.3
582.7799744279507	750	37.63408969689202	0.0	386472	2407.103364273251	0.12571514	0.3
585.4922356375457	750	38.92182848729697	0.0	399894	2712.2612095950503	0.0083213085	0.75
591.7321011454823	750	36.6819629793604	0.0	401853	6239.8655079365735	0.021010209	0.75
595.7857808365269	750	36.62828328831578	0.0	343800	4053.6796910446196	0.004705182	0.75
598.7905685610415	750	37.62349556380116	0.0	359903	3004.7877245146155	0.004813754	0.75
603.5360487809761	750	36.87801534386653	0.0	379700	4745.480219934627	0.014089086	0.75
607.8910249459606	750	36.52303917888203	0.0	425781	4354.9761649844995	0.005223385	0.75
610.1809550471111	750	38.23310907773161	0.0	277716	2289.930101150411	0.018467907	0.75
613.4038227660564	750	39.0102413587862	0.0	400396	3222.8677189454097	0.11127662	0.75
616.8543242762311	750	39.5597398486115	0.0	400508	3450.5015101747026	0.3601811	0.75
619.7038240574695	750	40.71024006737314	0.0	358218	2849.4997812383594	0.38179466	0.75
625.6958012928683	1200	38.71826283197435	0.0	620283	5991.9772353987855	0.6772821	0.75
631.213627326783	1200	37.20043679805969	0.0	584349	5517.826033914659	0.04593067	1.2
637.0065009262825	1200	35.40756319856024	0.0	670129	5792.87359949946	0.03060083	1.2
643.4357934755077	1200	32.978270649335144	0.0	690253	6429.292549225097	0.017078854	1.2
649.4077051279854	1200	31.006358996857283	0.0	598727	5971.9116524778565	0.01978427	1.2
654.7866311032848	1200	29.627433021557916	0.0	487812	5378.925975299367	0.021773668	1.2
660.6220047512468	1200	27.79205937359597	0.0	575591	5835.373647961948	0.07183346	1.2
667.4744481402516	1200	24.939615984591114	0.0	605884	6852.443389004858	0.031996038	1.2
673.1273749060945	1200	23.286689218748236	0.0	587506	5652.926765842878	0.117083624	1.2
679.2481687328586	1200	21.165895391984158	0.0	566904	6120.793826764078	0.060243342	1.2
684.7858849796105	1200	19.628179145232274	0.0	641452	5537.7162467518865	0.18761277	1.2
691.8860794117977	1200	16.52798471304505	0.0	599477	7100.19443218722	0.05251198	1.2
696.7110490201284	1200	15.703015104714435	0.0	634861	4824.969608330615	0.6836255	1.2
701.6047798002477	1200	14.809284324595167	0.0	630203	4893.730780119268	0.06594829	1.2
709.9616851014322	1200	10.452379023410657	0.0	638661	8356.90530118451	0.062668234	1.2
712.9448763520166	750	11.46918777282613	0.0	331053	2983.191250584527	0.015524607	0.3
715.1690663472165	750	13.244997777626333	0.0	314107	2224.1899951997957	0.009065064	0.75

