6418.229955306329	750	4.0	4.043612194844198	450283	4043.6121948441983	0.4102881	-16.63753243783005
6419.8864137134415	300	6.343541592888147	0.0	155580	1656.458407111853	0.21826139	-0.15000000000000002
6421.155104841181	300	9.07485046514876	0.0	139857	1268.6911277393874	0.038657468	0.3
6422.333069561991	300	11.896885744338519	0.0	155432	1177.9647208102417	0.008861968	0.3
6423.443191571678	300	14.786763734651103	0.0	163442	1110.122009687414	0.16739373	0.3
6424.218057337233	300	18.011897969094953	0.0	126289	774.8657655561504	0.39017904	0.3
6425.23522353821	300	20.99473176811839	0.0	153295	1017.1662009765631	0.17875977	0.3
6426.677580632563	300	23.552374673766554	0.0	173849	1442.3570943518337	0.15363014	0.3
6428.39534395891	300	25.83461134741873	0.0	150710	1717.763326347823	0.15902889	0.3
6430.035719466278	300	28.194235840051057	0.0	139105	1640.3755073676718	0.1564697	0.3
6431.594799912955	300	30.63515539337508	0.0	141840	1559.0804466759766	0.1639426	0.3
6433.098470951848	300	33.13148435448211	0.0	156148	1503.6710388929696	0.23049156	0.3
6438.135111215136	750	32.094844091193735	0.0	386351	5036.64026328838	0.5810858	0.3
6443.2645284610335	750	30.965426845295813	0.0	434409	5129.417245897917	0.53004503	0.75
6445.468236688346	750	32.76171861798241	0.0	337059	2203.7082273133988	0.29132923	0.75
6447.903709554608	750	34.32624575172122	0.0	366214	2435.4728662611965	0.007981766	0.75
6450.657567397755	750	35.57238790857443	0.0	360831	2753.857843146786	0.004705182	0.75
6453.821370377069	750	36.408584929259774	0.0	372963	3163.802979314648	0.004705182	0.75
6458.202579603117	750	36.027375703212535	0.0	405596	4381.209226047241	0.004705182	0.75
6460.473822178451	750	37.75613312787779	0.0	350713	2271.242575334748	0.004705182	0.75
6463.247510269442	750	38.982445036887945	0.0	386472	2773.688090989839	0.020252787	0.75
6468.885580738458	750	37.3443745678718	0.0	399894	5638.070469016146	0.025244681	0.75
6474.92785193662	750	35.30210336971011	0.0	401853	6042.271198161695	0.004705182	0.75
6478.198419783334	750	36.03153552299544	0.0	343800	3270.567846714668	0.004705182	0.75
6481.801489109094	750	36.428466197235075	0.0	359903	3603.0693257603752	0.006468747	0.75
6484.651237914749	750	37.578717391580646	0.0	379700	2849.7488056544253	0.0063906214	0.75
6491.3282583721275	750	34.90169693420222	0.0	425781	6677.020457378432	0.04421187	0.75
6494.512269302746	750	35.717686003582905	0.0	277716	3184.0109306193112	0.0058273394	0.75
6500.24979401673	750	33.98016128959934	0.0	400396	5737.52471398357	0.009137915	0.75
6508.509380556511	750	29.720574749818987	0.0	400508	8259.586539780354	0.004705182	0.75
6511.497808443424	750	30.732146862905356	0.0	358218	2988.4278869136288	0.004705182	0.75
6515.179004698265	750	31.050950608064383	0.0	400322	3681.1962548409715	0.008667782	0.75
6519.015464108738	750	31.214491197591517	0.0	369834	3836.4594104728685	0.021921284	0.75
6524.348320943979	750	29.881634362350532	0.0	412837	5332.8568352409875	0.034158	0.75
6529.631877711848	750	28.598077594482568	0.0	401088	5283.556767867962	0.009072083	0.75
6531.278775738289	750	30.951179568040676	0.0	365161	1646.8980264418924	0.011685523	0.75
6533.197663653663	1200	33.032291652667645	0.0	487812	1918.887915373032	0.03573166	0.75
6535.582129544168	1200	34.647825762161084	0.0	575591	2384.465890506561	0.0049314527	1.2
6538.410178909232	1200	35.81977639709832	0.0	605884	2828.049365062763	0.11130694	1.2
6540.903213510836	1200	37.32674179549399	0.0	587506	2493.034601604333	0.74051243	1.2
6545.530960222993	2850	36.69899508333719	0.0	1339500	4627.746712156797	0.05952027	1.2000000000000002
6551.1485241767505	2850	35.08143112958035	0.0	1527299	5617.563953756846	0.02919952	2.85
6565.36228712978	2850	24.867668176550797	0.0	1343002	14213.762953029553	0.0841978	2.85
6567.953591322209	1200	26.276363984121954	0.0	634861	2591.3041924288436	0.004705182	-0.44999999999999996
6570.573961134777	1200	27.655994171553616	0.0	630203	2620.3698125683377	0.0058971904	1.2
6572.912696786086	1200	29.31725852024474	0.0	638661	2338.7356513088794	0.12785688	1.2
6577.475779109001	2850	28.7541761973299	0.0	1231456	4563.082322914836	0.026031371	1.2000000000000002
6583.881600250792	2850	26.34835505553894	0.0	1364537	6405.821141790962	0.009516242	2.85

