8520.73026317007	750	4.0	4.782926972877741	450283	4782.926972877741	0.004705182	-19.816585983374285
8522.47554740621	300	6.254715763859471	0.0	155580	1745.2842361405292	0.020078238	-0.15000000000000002
8524.438294524329	300	8.291968645740148	0.0	139857	1962.7471181193237	0.012637094	0.3
8526.576054106716	300	10.154209063352807	0.0	155432	2137.75958238734	0.004705182	0.3
8528.452350443162	300	12.277912726907294	0.0	163442	1876.2963364455136	0.0057743625	0.3
8529.567675906354	300	15.162587263716606	0.0	126289	1115.3254631906873	0.014957759	0.3
8530.73981405097	300	17.990449119099527	0.0	153295	1172.138144617082	0.0073914896	0.3
8532.202087395968	300	20.528175774101847	0.0	173849	1462.2733449976768	0.014444651	0.3
8533.643454168065	300	23.08680900200616	0.0	150710	1441.3667720956878	0.022320423	0.3
8534.899335403397	300	25.830927766672346	0.0	139105	1255.8812353338128	0.04004234	0.3
8536.112474112382	300	28.61778905768866	0.0	141840	1213.1387089836865	0.06372907	0.3
8537.810505393312	300	30.919757776759262	0.0	156148	1698.031280929398	0.15845034	0.3
8539.107704989994	300	33.622558180075956	0.0	160746	1297.199596683312	0.20878254	0.3
8544.021077366808	750	32.70918580326071	0.0	434409	4913.37237681524	0.6421397	0.3
8550.08802414977	750	30.642239020299616	0.0	337059	6066.946782961093	0.16161032	0.75
8553.339267607624	750	31.390995562446513	0.0	366214	3251.243457853105	0.6104442	0.75
8555.988899272776	750	32.74136389729511	0.0	360831	2649.631665151404	0.048683725	0.75
8558.79670509359	750	33.933558076481596	0.0	372963	2807.805820813514	0.0047112606	0.75
8561.62609460945	750	35.10416856061884	0.0	405596	2829.3895158627574	0.004705182	0.75
8564.486104782261	750	36.24415838780764	0.0	350713	2860.0101728112054	0.006389162	0.75
8567.489537429032	750	37.240725741037224	0.0	386472	3003.4326467704077	0.007945036	0.75
8570.74972834205	750	37.980534828017234	0.0	399894	3260.190913019996	0.011292662	0.75
8576.693158781896	750	36.03710438817332	0.0	401853	5943.430439843917	0.012746678	0.75
8579.320882137472	750	37.40938103259626	0.0	343800	2627.7233555770626	0.004705182	0.75
8582.286777050367	750	38.44348611970051	0.0	359903	2965.894912895744	0.025024954	0.75
8585.803739262019	750	38.92652390804876	0.0	379700	3516.962211651749	0.055274524	0.75
8590.279690913949	750	38.45057225611786	0.0	425781	4475.951651930901	0.053000793	0.75
8594.976875543953	750	37.75338762611519	0.0	277716	4697.184630002667	0.05879861	0.75
8602.627284383116	750	34.1029787869509	0.0	400396	7650.408839164286	0.0073641227	0.75
8606.563329397306	750	34.16693377276137	0.0	400508	3936.045014189533	0.004705182	0.75
8609.359703534805	750	35.37055963526248	0.0	358218	2796.3741374988895	0.012238373	0.75
8613.142994037236	750	35.587269132830215	0.0	400322	3783.2905024322645	0.11310475	0.75
8616.445007914459	750	36.285255255608135	0.0	369834	3302.0138772220794	0.16031356	0.75
8622.009813273584	750	34.720449896483274	0.0	412837	5564.805359124865	0.4607714	0.75
8628.372629261055	750	32.35763390901096	0.0	401088	6362.815987472317	0.06955111	0.75
8637.838410764303	750	26.891852405763355	0.0	365161	9465.781503247603	0.02174597	0.75
8644.708745585234	750	24.021517584832203	0.0	321064	6870.3348209311525	0.0052517643	0.75
8653.669534143057	750	19.060729027009813	0.0	361565	8960.78855782239	0.004705182	0.75
8656.809859796582	750	19.920403373484397	0.0	378327	3140.325653525416	0.06138755	0.75
8659.18220062878	750	21.548062541285823	0.0	390680	2372.340832198574	0.010492205	0.75
8662.287699698658	1200	22.442563471406295	0.0	566904	3105.499069879531	0.5860222	0.75
8665.667056043554	1200	23.063207126511298	0.0	641452	3379.356344894996	0.0053376704	1.2
8668.513868181763	1200	24.216394988302273	0.0	599477	2846.812138209023	0.0055629876	1.2
8672.091177753966	1200	24.639085416098332	0.0	634861	3577.3095722039393	0.025454454	1.2
8676.666980114453	1200	24.063283055611805	0.0	630203	4575.802360486525	0.011542537	1.2
8681.654476879645	1200	23.075786290418357	0.0	638661	4987.49676519345	0.00539875	1.2
8684.094931075273	1200	24.6353320947895	0.0	538612	2440.4541956288563	0.011110629	1.2
8686.868039815468	1200	25.86222335459468	0.0	550906	2773.1087401948225	0.093006566	1.2

