9784.021287068801	750	4.0	6.619212714537035	450283	6619.212714537035	0.19416146	-27.71261467250925
9786.132249413053	300	5.8890376557490836	0.0	155580	2110.9623442509164	0.004705182	-0.15000000000000002
9787.938311416841	300	8.082975651959863	0.0	139857	1806.0620037892206	0.004705182	0.3
9790.655899327958	300	9.365387740844167	0.0	155432	2717.587911115697	0.004705182	0.3
9793.272067531689	300	10.749219537113932	0.0	163442	2616.1682037302335	0.004705182	0.3
9794.871120966245	300	13.150166102556996	0.0	126289	1599.0534345569358	0.005230054	0.3
9796.89484401679	300	15.126443052010968	0.0	153295	2023.723050546029	0.004705182	0.3
9800.091434075053	300	15.929852993747614	0.0	173849	3196.590058263353	0.004705182	0.3
9803.113013628168	300	16.9082734406336	0.0	150710	3021.579553114015	0.004705182	0.3
9804.989691715518	300	19.03159535328397	0.0	139105	1876.6780873496273	0.004705182	0.3
9807.325949253442	300	20.695337815359544	0.0	141840	2336.2575379244277	0.004705182	0.3
9809.344267893239	300	22.67701917556383	0.0	156148	2018.3186397957147	0.004705182	0.3
9811.406263235358	300	24.615023833442507	0.0	160746	2061.9953421213213	0.0048793135	0.3
9813.64793618263	300	26.373350886171785	0.0	179801	2241.6729472707243	0.006392791	0.3
9815.279371463905	300	28.74191560489749	0.0	140051	1631.435281274297	0.008819603	0.3
9816.977949413491	300	31.043337655309355	0.0	138313	1698.5779495881313	0.023457598	0.3
9819.061543594924	300	32.9597434738759	0.0	143509	2083.594181433456	0.08458632	0.3
9820.390710583999	300	35.630576484800784	0.0	150616	1329.1669890751227	0.13600995	0.3
9823.697309546002	750	36.32397752279934	0.0	405596	3306.5989620014457	0.5189199	0.3
9827.412350564482	750	36.60893650431901	0.0	350713	3715.0410184803263	0.004705182	0.75
9830.821774530861	750	37.19951253793932	0.0	386472	3409.423966379689	0.004705182	0.75
9833.962708051075	750	38.05857901772734	0.0	399894	3140.9335202119846	0.004705182	0.75
9836.729222886548	750	39.29206418225437	0.0	401853	2766.514835472971	0.008517723	0.75
9839.528429926831	750	40.4928571419711	0.0	343800	2799.207040283272	0.058565855	0.75
9842.21474350848	750	41.806543560321714	0.0	359903	2686.31358164939	0.06149087	0.75
9845.230563204681	750	42.79072386412122	0.0	379700	3015.819696200493	0.44177318	0.75
9848.667269445268	750	43.35401762353421	0.0	425781	3436.706240587001	0.5895659	0.75
9853.602106265369	1200	42.419180803431935	0.0	487160	4934.836820102285	0.69148505	0.75
9858.061498010282	750	41.95978905852038	0.0	400396	4459.391744911554	0.0785176	0.3
9867.428009012452	1200	36.593278056350044	0.0	641447	9366.51100217034	0.40536886	0.75
9873.33815144303	750	34.68313562577185	0.0	358218	5910.142430578199	0.69343716	0.3
9878.5248938974	750	33.4963931714005	0.0	400322	5186.74245437134	0.008252004	0.75
9881.730487510515	750	34.29079955828435	0.0	369834	3205.59361311615	0.010982973	0.75
9884.965428571364	750	35.05585849743661	0.0	412837	3234.941060847745	0.13475046	0.75
9893.54013537567	1200	30.48115169313131	0.0	690253	8574.706804305302	0.6936081	0.75
9901.615582459233	1200	26.405704609567422	0.0	598727	8075.447083563884	0.58294415	1.2
9907.561411504628	1200	24.459875564172112	0.0	487812	5945.829045395311	0.6020172	1.2
9913.8486975269	1200	22.172589541901004	0.0	575591	6287.286022271106	0.68896395	1.2
9920.839840071252	1200	19.18144699754866	0.0	605884	6991.142544352344	0.67278594	1.2
9927.233040814976	750	16.78824625382494	0.0	390680	6393.200743723718	0.61031735	0.3
9932.823817437451	750	15.19746963134841	0.0	345516	5590.776622476533	0.004705182	0.75
9937.819291820955	750	14.201995247845943	0.0	384505	4995.474383502466	0.004705182	0.75
9942.93122414829	750	13.090062920510169	0.0	372093	5111.932327335775	0.004705182	0.75
9948.904762498021	750	11.116524570778578	0.0	438281	5973.538349731591	0.010327387	0.75
9955.272444897462	750	8.748842171337644	0.0	398987	6367.682399440934	0.1956925	0.75
9958.273103764432	300	9.748183304367037	0.0	160064	3000.6588669706075	0.13850327	-0.15000000000000002
9960.672123081948	300	11.349163986851375	0.0	137507	2399.0193175156633	0.007836901	0.3
9963.021634288802	300	12.999652779997275	0.0	118421	2349.5112068540975	0.014085381	0.3

