15115.868806664193	750	4.0	3.383176362969059	450283	3383.176362969059	0.010906799	-13.797658360766953
15121.473514907957	750	4.0	1.6047082437637228	398865	5604.708243763723	0.63293594	-6.150245448184008
15122.684553691039	300	6.788961216917923	0.0	139857	1211.0387830820769	0.004705182	-0.15000000000000002
15123.860686051798	300	9.612828856158764	0.0	155432	1176.1323607591607	0.004843194	0.3
15125.116449044941	300	12.357065863014622	0.0	163442	1255.76299314414	0.010948359	0.3
15126.035795663343	300	15.437719244612355	0.0	126289	919.3466184022667	0.17460606	0.3
15127.093424194849	300	18.38009071310886	0.0	153295	1057.6285315034936	0.054151006	0.3
15128.524447042222	300	20.949067865733475	0.0	173849	1431.0228473753862	0.043476786	0.3
15129.802967315729	300	23.67054759222713	0.0	150710	1278.520273506345	0.057176597	0.3
15130.974570337652	300	26.498944570305873	0.0	139105	1171.603021921254	0.06199781	0.3
15132.179134662454	300	29.29438024550248	0.0	141840	1204.5643248033916	0.3159858	0.3
15133.469350937816	300	32.00416397014124	0.0	156148	1290.2162753612386	0.45277253	0.3
15135.05150793418	300	34.422006973776064	0.0	160746	1582.156996365183	0.6942308	0.3
15138.87036682306	750	34.60314808489798	0.0	434409	3818.8588888780832	0.6180297	0.3
15144.253930566434	750	33.21958434152215	0.0	337059	5383.563743375829	0.011899806	0.75
15147.89278717115	750	33.58072773680707	0.0	366214	3638.8566047150807	0.10792806	0.75
15150.525794405414	750	34.94772050254239	0.0	360831	2633.007234264677	0.014063536	0.75
15153.033867614602	750	36.4396472933544	0.0	372963	2508.0732091879954	0.004705182	0.75
15155.608452926726	750	37.8650619812301	0.0	405596	2574.5853121242976	0.0057502566	0.75
15158.298134644197	750	39.17538026375894	0.0	350713	2689.6817174711614	0.021060998	0.75
15161.426444132683	750	40.04707077527298	0.0	386472	3128.30948848596	0.024666771	0.75
15164.643715042068	750	40.829799865888525	0.0	399894	3217.2709093844546	0.036262043	0.75
15167.010424183534	750	42.46309072442127	0.0	401853	2366.709141467256	0.05510701	0.75
15170.569252549849	1200	42.90426235810581	0.0	536667	3558.8283663154584	0.6946022	0.75
15174.570292549	1200	42.90322235895453	0.0	587236	4001.0399991512822	0.01903797	1.2
15178.452113196907	1200	43.02140171104744	0.0	590335	3881.8206479070955	0.008265218	1.2
15183.403232390758	1200	42.07028251719753	0.0	696376	4951.1191938499005	0.005291153	1.2
15186.904824990317	1200	42.56868991763766	0.0	487160	3501.5925995598714	0.004721217	1.2
15191.463536648795	1200	42.0099782591603	0.0	622896	4558.711658477361	0.0049969438	1.2
15199.244306301896	1200	38.22920860605982	0.0	641447	7780.769653100478	0.004705182	1.2
15203.990427530276	1200	37.48308737767971	0.0	570392	4746.121228380118	0.029814798	1.2
15210.826995260952	1200	34.64651964700364	0.0	620283	6836.5677306760645	0.00994855	1.2
15215.021821153126	1200	34.45169375482843	0.0	584349	4194.8258921752085	0.048442803	1.2
15220.504165083317	1200	32.969349824637824	0.0	670129	5482.34393019061	0.0065723713	1.2
15227.671842757383	1200	29.801672150572017	0.0	690253	7167.677674065805	0.008322069	1.2
15234.477794806595	1200	26.995720101361538	0.0	598727	6805.9520492104775	0.03347693	1.2
15237.84400227932	1200	27.62951262863442	0.0	487812	3366.207472727118	0.07447742	1.2
15241.58911845547	1200	27.884396452485728	0.0	575591	3745.1161761486924	0.012832191	1.2
15246.228788008379	1200	27.24472689957585	0.0	605884	4639.66955290988	0.005234822	1.2
15250.87260322496	1200	26.60091168299466	0.0	587506	4643.815216581189	0.0065490273	1.2
15254.235528945752	1200	27.23798596220295	0.0	566904	3362.9257207917144	0.0051512304	1.2
15258.639206915328	1200	26.834307992626112	0.0	641452	4403.677969576836	0.004705182	1.2
15262.746716048627	1200	26.726798859328948	0.0	599477	4107.509133297162	0.004705182	1.2
15267.053614364495	1200	26.41990054346009	0.0	634861	4306.898315868856	0.0047929403	1.2
15271.458504059588	1200	26.015010848367744	0.0	630203	4404.889695092349	0.009477037	1.2
15276.281560909842	1200	25.191953998114496	0.0	638661	4823.056850253248	0.00967851	1.2
15281.497456800425	1200	23.976058107530495	0.0	538612	5215.895890584	0.009761928	1.2
15287.231714178923	1200	22.241800729032416	0.0	550906	5734.257378498078	0.0047172206	1.2

