21299.2677060278	750	4.0	5.775321338143219	450283	5775.321338143219	0.004726653	-24.08388175401584
21300.584865772664	300	6.682840255133825	0.0	155580	1317.159744866175	0.004705182	-0.15000000000000002
21301.701997302825	300	9.565708724972165	0.0	139857	1117.1315301616603	0.03539932	0.3
21302.954662635762	300	12.313043392038171	0.0	155432	1252.6653329339927	0.005791812	0.3
21304.3410622568	300	14.926643770998389	0.0	163442	1386.3996210397818	0.04881027	0.3
21305.41653012	300	17.851175907799078	0.0	126289	1075.4678631993083	0.10455925	0.3
21306.744798456428	300	20.522907571372347	0.0	153295	1328.268336426731	0.025241638	0.3
21308.282472503975	300	22.985233523823265	0.0	173849	1537.6740475490794	0.022168968	0.3
21310.104331076494	300	25.163374951303272	0.0	150710	1821.8585725199966	0.035949934	0.3
21311.881705889795	300	27.386000138005354	0.0	139105	1777.3748132979167	0.07355949	0.3
21313.58426504831	300	29.68344097948931	0.0	141840	1702.5591585160491	0.057522636	0.3
21314.932941022747	300	32.334765005054784	0.0	156148	1348.6759744345259	0.07292046	0.3
21316.19640161143	300	35.071304416373394	0.0	160746	1263.4605886813868	0.45812613	0.3
21320.832057775635	750	34.435648252167	0.0	434409	4635.656164206399	0.6227571	0.3
21324.211706935894	750	35.05599909190858	0.0	337059	3379.6491602584088	0.060265437	0.75
21327.084604324114	750	36.1831017036885	0.0	366214	2872.8973882200858	0.007895222	0.75
21330.31189189523	750	36.955814132570225	0.0	360831	3227.2875711182783	0.004705182	0.75
21332.753558269735	750	38.514147758065825	0.0	372963	2441.6663745044025	0.004705182	0.75
21336.04664775819	750	39.221058269612804	0.0	405596	3293.0894884530226	0.008358217	0.75
21340.85070020036	750	38.417005827443816	0.0	350713	4804.052442168986	0.008868216	0.75
21347.865178856835	750	35.40252717096998	0.0	386472	7014.478656473839	0.004705182	0.75
21353.427457546477	750	33.84024848133004	0.0	399894	5562.278689639941	0.004705182	0.75
21358.137136117122	750	33.13056991068492	0.0	401853	4709.678570645119	0.004705182	0.75
21363.128654293887	750	32.13905173391964	0.0	343800	4991.5181767652775	0.004705182	0.75
21366.724588891084	750	32.543117136722095	0.0	359903	3595.9345971975476	0.004705182	0.75
21372.764351567715	750	30.503354460093707	0.0	379700	6039.762676628389	0.004705182	0.75
21376.80461715669	750	30.463088871122785	0.0	425781	4040.2655889709195	0.004705182	0.75
21379.665655484096	750	31.602050543714608	0.0	277716	2861.038327408175	0.004918265	0.75
21386.751944672465	750	28.515761355343276	0.0	400396	7086.289188371334	0.004705182	0.75
21392.791884860748	750	26.47582116706322	0.0	400508	6039.940188280057	0.004705182	0.75
21398.62432748166	750	24.6433785461513	0.0	358218	5832.442620911918	0.004705182	0.75
21404.62380204671	750	22.64390398110043	0.0	400322	5999.474565050869	0.004705182	0.75
21411.061603721108	750	20.206102306701837	0.0	369834	6437.801674398594	0.0049052504	0.75
21416.685882454374	750	18.581823573435837	0.0	412837	5624.278733265996	0.014439803	0.75
21422.399007518277	750	16.868698509531452	0.0	401088	5713.125063904386	0.008379349	0.75
21427.757334071703	750	15.510371956105974	0.0	365161	5358.32655342548	0.012616491	0.75
21430.267789051668	750	16.99991697614161	0.0	321064	2510.4549799643655	0.029571671	0.75
21433.595362975484	750	17.67234305232409	0.0	361565	3327.573923817516	0.004707923	0.75
21437.976155502147	750	17.29155052566122	0.0	378327	4380.792526662873	0.0049876003	0.75
21446.058393204516	750	13.209312823296806	0.0	390680	8082.237702364415	0.0047068503	0.75
21451.294781596716	750	11.972924431093984	0.0	345516	5236.38839220282	0.37472683	0.75
21454.82491474906	750	12.442791278752004	0.0	384505	3530.1331523419813	0.31989568	0.75
21458.518649285965	750	12.749056741846445	0.0	372093	3693.7345369055593	0.013059628	0.75
21464.885211985013	750	10.38249404279533	0.0	438281	6366.5626990511155	0.011355173	0.75
21466.226161892577	300	13.041544135231854	0.0	167025	1340.9499075634756	0.33090377	-0.15000000000000002
21469.96011658596	750	13.307589441851801	0.0	393804	3733.9546933800516	0.087144084	0.3
21473.532895946548	750	13.734810081262086	0.0	331053	3572.779360589715	0.009192049	0.75
21476.58706789336	750	14.680638134448047	0.0	314107	3054.1719468140404	0.005630227	0.75

