18652.87160942887	750	4.0	6.650702047500183	450283	6650.702047500184	0.043269694	-27.84801880425079
18656.07994147024	300	4.7916679586228605	0.0	155580	3208.33204137714	0.004705182	-0.15000000000000002
18658.83303924921	300	6.038570179654275	0.0	139857	2753.0977789685853	0.004705182	0.3
18662.42252857643	300	6.449080852435839	0.0	155432	3589.4893272184354	0.004705182	0.3
18665.91685184156	300	6.9547575873057905	0.0	163442	3494.323265130049	0.004705182	0.3
18667.472413917218	300	9.399195511649754	0.0	126289	1555.5620756560363	0.004705182	0.3
18669.726002621595	300	11.145606807272678	0.0	153295	2253.5887043770767	0.004705182	0.3
18672.301236433355	300	12.570372995509178	0.0	173849	2575.233811763499	0.004705182	0.3
18674.710934453138	300	14.16067497572826	0.0	150710	2409.6980197809194	0.004705182	0.3
18677.23888501431	300	15.632724414555573	0.0	139105	2527.950561172686	0.004705182	0.3
18679.96563322507	300	16.905976203793937	0.0	141840	2726.7482107616383	0.004705182	0.3
18682.84495649611	300	18.02665293275635	0.0	156148	2879.3232710375887	0.004705182	0.3
18684.87737455828	300	19.99423487058342	0.0	160746	2032.4180621729286	0.004705182	0.3
18687.321378302157	300	21.550231126707583	0.0	179801	2444.003743875837	0.004705182	0.3
18689.26582796341	300	23.605781465455838	0.0	140051	1944.4496612517448	0.004705182	0.3
18690.985562717433	300	25.886046711429653	0.0	138313	1719.7347540261871	0.00501941	0.3
18692.63096188982	300	28.24064753904356	0.0	143509	1645.3991723860904	0.008945189	0.3
18694.315994199304	300	30.555615229561514	0.0	150616	1685.0323094820476	0.035069667	0.3
18696.182469795083	300	32.68913963378261	0.0	165384	1866.475595778906	0.13900097	0.3
18697.850939339427	300	35.020670089437196	0.0	140881	1668.4695443454104	0.5335698	0.3
18699.84980682036	300	37.02180260850438	0.0	157671	1998.8674809328177	0.6675218	0.3
18704.49270994975	750	36.37889947911473	0.0	399894	4642.903129389655	0.3006934	0.3
18709.47209524954	750	35.39951417932522	0.0	401853	4979.385299789504	0.004882684	0.75
18714.324100869926	750	34.547508558940315	0.0	343800	4852.005620384912	0.004705182	0.75
18718.28824328001	750	34.58336614885614	0.0	359903	3964.142410084175	0.004705182	0.75
18721.618177904045	750	35.25343152481988	0.0	379700	3329.9346240362574	0.004705182	0.75
18725.226540471525	750	35.6450689573426	0.0	425781	3608.3625674772857	0.0061814445	0.75
18728.343989172878	750	36.527620255991366	0.0	277716	3117.4487013512376	0.022251388	0.75
18733.837911925595	750	35.03369750327145	0.0	400396	5493.92275271992	0.011566513	0.75
18738.359578317824	750	34.51203111104194	0.0	400508	4521.666392229505	0.0058393716	0.75
18741.34488285593	750	35.52672657293867	0.0	358218	2985.304538103275	0.015305005	0.75
18745.670215249414	750	35.201394179451256	0.0	400322	4325.332393487412	0.08901263	0.75
18750.879918932154	750	33.99169049671273	0.0	369834	5209.703682738532	0.050868392	0.75
18758.25636591709	750	30.615243511780108	0.0	412837	7376.44698493262	0.020656122	0.75
18762.615252527317	750	30.256356901549164	0.0	401088	4358.886610230943	0.005239095	0.75
18766.007781526903	750	30.86382790196362	0.0	365161	3392.528999585541	0.027294187	0.75
18769.665455828108	750	31.20615360076126	0.0	321064	3657.674301202359	0.0889889	0.75
18776.981989849635	750	27.889619579233305	0.0	361565	7316.534021527958	0.054668527	0.75
18784.680759772975	750	24.19084965589441	0.0	378327	7698.769923338895	0.0069803027	0.75
18791.942400225154	750	20.92920920371553	0.0	390680	7261.640452178878	0.004705182	0.75
18795.3931090277	750	21.47850040117229	0.0	345516	3450.708802543237	0.004705182	0.75
18798.774283097508	750	22.097326331359916	0.0	384505	3381.174069812376	0.0071669593	0.75
18801.620988337352	750	23.250621091517008	0.0	372093	2846.705239842909	0.06735361	0.75
18804.92877944171	750	23.942829987158387	0.0	438281	3307.7911043586205	0.62607473	0.75
18808.95327366265	750	23.91833576622107	0.0	398987	4024.494220937319	0.45417005	0.75
18822.74452988473	1200	14.127079544142143	0.0	638661	13791.256222078926	0.6570013	0.75
18826.106215629425	300	14.765393799445373	0.0	137507	3361.685744696769	0.004705182	-0.6000000000000001
18829.14385399397	300	15.727755434900823	0.0	118421	3037.6383645445508	0.3179038	0.3

