17227.66584138315	750	4.0	4.594934407378574	450283	4594.934407378574	0.004746423	-19.008217951727868
17228.649304094633	300	7.016537288516239	0.0	155580	983.462711483761	0.034439925	-0.15000000000000002
17231.276254912333	750	8.38958647082037	0.0	350812	2626.950817695868	0.6957478	0.3
17236.313756748077	750	7.352084635074738	0.0	382355	5037.501835745632	0.2924079	0.75
17237.481817781	300	10.184023602148379	0.0	163442	1168.0610329263582	0.049556833	-0.15000000000000002
17238.592274043607	300	13.07356733954281	0.0	126289	1110.4562626055688	0.10299676	0.3
17240.215624517576	300	15.450216865576433	0.0	153295	1623.3504739663786	0.0076602125	0.3
17242.442657366577	300	17.223184016573875	0.0	173849	2227.0328490025545	0.010873936	0.3
17244.542429686306	300	19.123411696845892	0.0	150710	2099.772319727984	0.006396029	0.3
17246.686417050914	300	20.97942433223603	0.0	139105	2143.987364609864	0.00605724	0.3
17248.554816543	300	23.111024840147465	0.0	141840	1868.3994920885634	0.004705182	0.3
17251.288328482075	300	24.377512901074756	0.0	156148	2733.5119390727077	0.0064300094	0.3
17255.03454185783	300	24.63129952531915	0.0	160746	3746.2133757556053	0.008425437	0.3
17259.098833751417	300	24.567007631728718	0.0	179801	4064.2918935904345	0.004705182	0.3
17261.378710639456	300	26.287130743691666	0.0	140051	2279.8768880370526	0.004705182	0.3
17262.951660115083	300	28.714181268064035	0.0	138313	1572.9494756276272	0.005782839	0.3
17264.239800755666	300	31.426040627481594	0.0	143509	1288.1406405824423	0.0150611345	0.3
17267.348794009977	750	32.31704737317106	0.0	372963	3108.993254310538	0.17315857	0.3
17270.915808523536	750	32.75003285961296	0.0	405596	3567.0145135580988	0.015372024	0.75
17274.864726902917	750	32.80111448023228	0.0	350713	3948.918379380674	0.0052971654	0.75
17279.433606466057	750	32.232234917093386	0.0	386472	4568.879563138896	0.004779582	0.75
17283.87883025465	750	31.787011128498882	0.0	399894	4445.223788594504	0.004705182	0.75
17293.75459708499	750	25.911244298158937	0.0	401853	9875.766830339944	0.004705182	0.75
17297.92864693659	300	25.73719444655466	0.0	137654	4174.0498516042735	0.39975068	-0.15000000000000002
17302.13415615836	300	25.531685224783907	0.0	146754	4205.509221770755	0.07070173	0.3
17306.643494246186	300	25.022347136959045	0.0	153938	4509.338087824862	0.14778188	0.3
17311.86846394796	300	23.797377435181325	0.0	181901	5224.969701777719	0.11388376	0.3
17314.06922114951	300	25.59662023363227	0.0	111155	2200.7572015490573	0.035614222	0.3
17315.40780035118	300	28.258041031964364	0.0	153605	1338.579201667904	0.07625734	0.3
17316.614781837026	300	31.05105954611575	0.0	149029	1206.9814858486131	0.4236327	0.3
17319.557606126054	750	32.10823525708639	0.0	358218	2942.824289029353	0.074086934	0.3
17322.847586678665	750	32.818254704477056	0.0	400322	3289.9805526093387	0.010864922	0.75
17328.076546971402	750	31.589294411740823	0.0	369834	5228.960292736231	0.055800274	0.75
17330.776152394654	750	32.88968898849301	0.0	412837	2699.6054232478095	0.006053902	0.75
17333.52652880238	750	34.13931258076566	0.0	401088	2750.376407727351	0.57978946	0.75
17337.47154889671	1200	34.19429248643719	0.0	598727	3945.020094328469	0.6790916	0.75
17340.63084006541	1200	35.035001317736246	0.0	487812	3159.2911687009414	0.00471579	1.2
17344.48508940488	1200	35.180751978263345	0.0	575591	3854.2493394729013	0.004705182	1.2
17348.46526154804	1200	35.200579835101465	0.0	605884	3980.1721431618753	0.006243172	1.2
17351.63671708051	1200	36.029124302631246	0.0	587506	3171.455532470224	0.0072778496	1.2
17354.881399546844	1200	36.78444183630095	0.0	566904	3244.6824663303	0.02924222	1.2
17359.3346736305	1200	36.33116775264626	0.0	641452	4453.2740836546855	0.061757725	1.2
17363.47736774429	1200	36.188473638854646	0.0	599477	4142.694113791614	0.06890848	1.2
17367.60703349182	1200	36.05880789132536	0.0	634861	4129.665747529292	0.08862815	1.2
17371.494407391438	1200	36.171433991707424	0.0	630203	3887.3738996179354	0.29191193	1.2
17375.698250237365	1200	35.96759114577906	0.0	638661	4203.842845928368	0.5581827	1.2
17379.031513190293	1200	36.634328192852394	0.0	538612	3333.262952926668	0.76025933	1.2
17382.748004180074	1200	36.91783720307012	0.0	550906	3716.4909897822713	0.7767937	1.2

