16170.746202046954	750	4.0	4.39150033291431	450283	4391.50033291431	0.004721273	-18.133451431531533
16172.132181803505	300	6.61402024344835	0.0	155580	1385.979756551649	0.06592366	-0.15000000000000002
16173.428101696267	300	9.31810035068476	0.0	139857	1295.91989276359	0.094459906	0.3
16174.783392602127	300	11.96280944482504	0.0	155432	1355.2909058597209	0.0074100513	0.3
16175.892937245142	300	14.853264801810942	0.0	163442	1109.5446430140978	0.06973055	0.3
16176.842496699626	300	17.903705347327072	0.0	126289	949.5594544838722	0.3618384	0.3
16177.828340705812	300	20.917861341140917	0.0	153295	985.8440061861529	0.06498321	0.3
16179.020973128465	300	23.725228918489183	0.0	173849	1192.6324226517363	0.12129447	0.3
16180.09145002756	300	26.65475201939448	0.0	150710	1070.476899094701	0.2431593	0.3
16182.375817983246	750	28.370384063707217	0.0	362795	2284.3679556872644	0.48774114	0.3
16184.761959706775	750	29.98424234017756	0.0	353220	2386.1417235296594	0.056924228	0.75
16187.656038311201	750	31.090163735752597	0.0	405134	2894.0786044249635	0.013003419	0.75
16190.412249594325	750	32.3339524526273	0.0	386351	2756.211283125297	0.0076596686	0.75
16193.448203754786	750	33.29799829216674	0.0	434409	3035.9541604605624	0.004705182	0.75
16195.66626614979	750	35.079935897162265	0.0	337059	2218.0623950044737	0.004705182	0.75
16197.829019755623	750	36.917182291329375	0.0	366214	2162.7536058328933	0.0056220074	0.75
16199.759925407403	750	38.986276639551825	0.0	360831	1930.9056517775498	0.0181375	0.75
16202.116563659727	750	40.62963838722593	0.0	372963	2356.638252325897	0.21621288	0.75
16204.833397540975	750	41.91280450597741	0.0	405596	2716.83388124852	0.20643605	0.75
16207.198428591111	750	43.54777345584134	0.0	350713	2365.0310501360827	0.36084577	0.75
16209.582562181553	750	45.16363986540097	0.0	386472	2384.1335904403672	0.57842684	0.75
16212.446879962996	750	46.2993220839573	0.0	399894	2864.3177814436694	0.6058812	0.75
16216.842214917486	1200	45.90398712946712	0.0	656471	4395.3349544901785	0.6271385	0.75
16221.16440175441	1200	45.58180029254418	0.0	536667	4322.186836922932	0.0063179703	1.2
16225.23875495813	1200	45.50744708882254	0.0	587236	4074.3532037216432	0.00981138	1.2
16230.80639971755	1200	43.93980232940305	0.0	590335	5567.644759419491	0.0054956228	1.2
16235.525417670593	1200	43.2207843763603	0.0	696376	4719.017953042745	0.018687198	1.2
16238.64123946982	1200	44.10496257713185	0.0	487160	3115.8217992284453	0.004705182	1.2
16243.153798180469	1200	43.59240386648431	0.0	622896	4512.558710647545	0.004705182	1.2
16248.135084612091	1200	42.61111743486159	0.0	641447	4981.286431622724	0.004705182	1.2
16255.022390829472	1200	39.72381121748221	0.0	570392	6887.306217379379	0.004705182	1.2
16267.251433461046	1200	31.49476858590758	0.0	620283	12229.042631574628	0.015216377	1.2
16274.28483892828	750	28.46136311867395	0.0	369834	7033.405467233628	0.46872845	0.3
16279.099782700194	750	27.64641934675979	0.0	412837	4814.943771914164	0.005735641	0.75
16282.41389666147	750	28.332305385483295	0.0	401088	3314.1139612764937	0.008629894	0.75
16285.229891842153	750	29.51631020480061	0.0	365161	2815.995180682681	0.11701121	0.75
16289.95084909588	1200	28.795352951074687	0.0	487812	4720.957253725922	0.6740717	0.75
16295.154104455061	1200	27.592097591891868	0.0	575591	5203.255359182823	0.13138646	1.2
16301.328750481072	1200	25.417451565880015	0.0	605884	6174.646026011851	0.05791232	1.2
16307.760195667175	1200	22.986006379776896	0.0	587506	6431.445186103118	0.2519765	1.2
16315.20428811572	1200	19.541913931232983	0.0	566904	7444.092448543913	0.3518723	1.2
16319.805150309761	1200	18.94105173719106	0.0	641452	4600.86219404192	0.67202526	1.2
16324.242089069361	1200	18.504112977591685	0.0	599477	4436.938759599378	0.04247977	1.2
16327.930667700522	750	18.815534346430244	0.0	438281	3688.5786311614415	0.020977441	0.3
16334.360397611881	1200	16.38580443507213	0.0	630203	6429.729911358109	0.69458556	0.75
16338.86923876995	1200	15.876963277002757	0.0	638661	4508.841158069376	0.20390129	1.2
16342.427354974956	1200	16.318847071997613	0.0	538612	3558.116205005145	0.010350091	1.2
16345.77094709513	1200	16.975254951823512	0.0	550906	3343.5921201740975	0.0092403665	1.2

