25041.847829094277	750	4.0	4.851455205977005	450283	4851.455205977005	0.60906523	-20.11125738570112
25044.051493973977	300	5.796335120296149	0.0	155580	2203.664879703851	0.016785307	-0.15000000000000002
25046.2083605099	300	7.639468584376665	0.0	139857	2156.8665359194842	0.005032129	0.3
25048.87052878007	300	8.97730031420655	0.0	155432	2662.1682701701147	0.004705182	0.3
25051.313175594423	300	10.534653499851958	0.0	163442	2442.646814354592	0.004705182	0.3
25053.878076306213	300	11.969752788063095	0.0	126289	2564.9007117888623	0.0056704697	0.3
25057.151638339517	300	12.69619075475933	0.0	153295	3273.5620333037646	0.004705182	0.3
25060.105765878223	300	13.742063216051369	0.0	173849	2954.127538707962	0.004705182	0.3
25061.443876211615	300	16.403952882659972	0.0	150710	1338.1103333913968	0.004705182	0.3
25062.670036768457	300	19.17779232581396	0.0	139105	1226.160556846011	0.004705182	0.3
25063.72192032442	300	22.125908769853044	0.0	141840	1051.8835559609138	0.006595662	0.3
25065.260706235847	300	24.587122858422287	0.0	156148	1538.785911430758	0.018299125	0.3
25067.103773579594	300	26.74405551467813	0.0	160746	1843.0673437441585	0.01972032	0.3
25069.602586352652	300	28.245242741618583	0.0	179801	2498.812773059549	0.021456882	0.3
25071.844251706247	300	30.003577388026006	0.0	140051	2241.6653535925757	0.038309306	0.3
25074.323229169226	300	31.524599925043283	0.0	138313	2478.977462982722	0.07131154	0.3
25077.34349749604	300	32.504331598231815	0.0	143509	3020.268326811466	0.064279675	0.3
25081.697566242612	300	32.15026285165609	0.0	150616	4354.068746575731	0.07249038	0.3
25084.894800210637	300	32.953028883633934	0.0	165384	3197.2339680221535	0.036700696	0.3
25086.650959113187	300	35.19686998108143	0.0	140881	1756.1589025525047	0.10473073	0.3
25089.145833729945	300	36.70199536432564	0.0	157671	2494.8746167557897	0.4935301	0.3
25091.818212180828	300	38.02961691344558	0.0	157812	2672.378450880062	0.6389028	0.3
25096.071725461105	750	37.776103633168546	0.0	401853	4253.513280277031	0.6169869	0.3
25099.200377943056	750	38.647451151213176	0.0	343800	3128.652481955375	0.004705182	0.75
25103.07689522172	750	38.77093387255166	0.0	359903	3876.5172786615126	0.004705182	0.75
25107.535296446364	750	38.312532647905996	0.0	379700	4458.401224645663	0.004705182	0.75
25111.376872450088	750	38.470956644183076	0.0	425781	3841.576003722917	0.004797134	0.75
25113.20493095338	750	40.64289814088989	0.0	277716	1828.0585032931822	0.03253736	0.75
25115.225945743037	750	42.62188335123544	0.0	400396	2021.014789654449	0.42149955	0.75
25119.8708079639	1200	41.97702113037236	0.0	641447	4644.862220863084	0.07957466	0.75
25126.428108432483	1200	39.41972066178785	0.0	570392	6557.300468584508	0.0052311183	1.2
25134.786520919253	1200	35.06130817501931	0.0	620283	8358.41248676853	0.034098923	1.2
25144.567368932385	1200	29.28046016188533	0.0	584349	9780.848013133986	0.20912908	1.2
25147.746900159294	750	30.10092893497312	0.0	412837	3179.5312269122123	0.563548	0.3
25150.57151714463	750	31.276311949635435	0.0	401088	2824.616985337683	0.135944	0.75
25153.799141007126	1200	32.04868808714093	0.0	598727	3227.6238624944995	0.6965643	0.75
25155.832486193805	1200	34.01534290046161	0.0	487812	2033.3451866793223	0.004705182	1.2
25161.521126094005	1200	32.32670300026012	0.0	575591	5688.639900201495	0.01634925	1.2
25170.727434490447	1200	27.1203946038195	0.0	605884	9206.30839644062	0.0047062547	1.2
25180.23540159227	1200	21.61242750199509	0.0	587506	9507.967101824408	0.05215246	1.2
25182.975506102906	750	22.872322991360768	0.0	345516	2740.104510634322	0.68673694	0.3
25191.53400739138	1200	18.313821702885324	0.0	641452	8558.501288475445	0.3993448	0.75
25200.29598093869	750	13.551848155576431	0.0	372093	8761.973547308893	0.60700655	0.3
25203.418656823033	300	14.42917227123312	0.0	172312	3122.67588434331	0.27964738	-0.15000000000000002
25205.662116471936	300	16.185712622330826	0.0	167025	2243.4596489022942	0.66727227	0.3
25211.45815695686	750	14.38967213740286	0.0	393804	5796.040484927965	0.10731477	0.3
25214.776998981873	750	15.07083011239089	0.0	331053	3318.8420250119707	0.04144784	0.75
25217.623253392252	750	16.224575702012434	0.0	314107	2846.254410378455	0.0052612037	0.75

