11969.429487338983	750	4.0	1.5823407749373364	450283	1582.3407749373364	0.056667794	-6.054065332230546
11971.018039342081	750	6.411447996900855	0.0	398865	1588.5520030991447	0.004705182	0.75
11972.675656683363	750	8.75383065561924	0.0	350812	1657.617341281615	0.004705182	0.75
11974.090289179583	750	11.339198159398642	0.0	382355	1414.632496220598	0.006543137	0.75
11975.503812258303	750	13.925675080678698	0.0	411561	1413.5230787199455	0.004874512	0.75
11976.913932504092	750	16.515554834888565	0.0	318564	1410.1202457901313	0.02458452	0.75
11978.453652700298	750	18.975834638684226	0.0	352642	1539.7201962043368	0.0066805575	0.75
11980.133379387775	750	21.29610795120591	0.0	437162	1679.7266874783152	0.008561268	0.75
11981.728017059884	750	23.70147027909703	0.0	374758	1594.6376721088825	0.13563462	0.75
11983.377888384442	750	26.051598954540115	0.0	362795	1649.8713245569174	0.094048664	0.75
11984.921342031063	750	28.508145307920454	0.0	353220	1543.4536466196596	0.09089183	0.75
11987.13924786425	1200	30.290239474731603	0.0	594078	2217.905833188851	0.4456771	0.75
11989.615301439357	1200	31.814185899625873	0.0	624282	2476.053575105729	0.008710537	1.2
11992.777049612316	1200	32.652437726665795	0.0	687371	3161.748172960082	0.0066723516	1.2
11994.73689727851	1200	34.69259006047145	0.0	526950	1959.8476661943346	0.007592535	1.2
11997.030867644216	1200	36.3986196947655	0.0	587876	2293.9703657059563	0.004705182	1.2
11999.911339870847	1200	37.51814746813374	0.0	617242	2880.4722266317544	0.004705182	1.2
12002.513809918297	1200	38.91567742068358	0.0	581493	2602.470047450164	0.004705182	1.2
12005.30591843558	1200	40.12356890339959	0.0	639204	2792.1085172839853	0.004705182	1.2
12007.898851099611	1200	41.53063623936769	0.0	586839	2592.9326640318945	0.004705182	1.2
12010.818926565604	1200	42.61056077337544	0.0	601738	2920.0754659922522	0.004705182	1.2
12012.890761049124	1200	44.538726289857145	0.0	616206	2071.8344835182943	0.004705182	1.2
12016.218477014512	1200	45.21101032446917	0.0	656471	3327.715965387969	0.0232978	1.2
12018.270791174777	1200	47.158696164203356	0.0	536667	2052.314160265816	0.008796171	1.2
12020.824451921468	1200	48.60503541751096	0.0	587236	2553.6607466923992	0.042409465	1.2
12024.240887903296	1200	49.18859943568427	0.0	590335	3416.4359818266935	0.059523877	1.2
12029.155377473611	1200	48.274109865368544	0.0	696376	4914.489570315718	0.015321264	1.2
12031.728092165045	1200	49.70139517393466	0.0	487160	2572.714691433891	0.008311307	1.2
12034.454341592436	1200	50.97514574654374	0.0	622896	2726.249427390916	0.014437212	1.2
12037.878751736593	1200	51.55073560238711	0.0	641447	3424.4101441566413	0.12913033	1.2
12041.747603687589	1200	51.681883651391175	0.0	570392	3868.8519509959283	0.10813685	1.2
12047.533524326689	1200	49.895963012290466	0.0	620283	5785.920639100708	0.03996163	1.2
12052.040114827392	1200	49.38937251158658	0.0	584349	4506.590500703885	0.0068892827	1.2
12058.403402111731	1200	47.02608522724719	0.0	670129	6363.287284339395	0.007862639	1.2
12064.078264369755	1200	45.351222969224295	0.0	690253	5674.862258022891	0.004705182	1.2
12068.31516543248	1200	45.11432190649946	0.0	598727	4236.901062724833	0.004705182	1.2
12075.597117189622	1200	41.83237014935758	0.0	487812	7281.951757141884	0.006732698	1.2
12084.839468544606	1200	36.5900187943732	0.0	575591	9242.351354984374	0.004705182	1.2
12091.623673333444	1200	33.80581400553565	0.0	605884	6784.2047888375555	0.010278297	1.2
12097.54151352056	1200	31.887973818418764	0.0	587506	5917.840187116887	0.0066201137	1.2
12101.093150920848	1200	32.33633641813275	0.0	566904	3551.6374002860075	0.006106185	1.2
12104.605297966362	1200	32.82418937261867	0.0	641452	3512.147045514092	0.004705182	1.2
12109.501015370504	1200	31.92847196847511	0.0	599477	4895.717404143556	0.0070935106	1.2
12114.373021902613	1200	31.05646543636716	0.0	634861	4872.006532107954	0.0053990018	1.2
12118.153585347587	1200	31.27590199139335	0.0	630203	3780.5634449738077	0.008090523	1.2
12121.599815140618	1200	31.829672198362882	0.0	638661	3446.229793030469	0.030219726	1.2
12125.008737233906	1200	32.420750105076024	0.0	538612	3408.9220932868598	0.28758794	1.2
12128.732613688384	1200	32.69687365059802	0.0	550906	3723.8764544780015	0.115525566	1.2

