12492.959207438289	750	4.0	2.100206826790785	450283	2100.2068267907853	0.417434	-8.280889355200376
12495.477333544026	750	5.481873894263046	0.0	398865	2518.126105736954	0.004705182	0.75
12497.352845072077	750	7.60636236620974	0.0	350812	1875.511528053306	0.02361946	0.75
12499.246720124673	750	9.712487313614304	0.0	382355	1893.8750525954374	0.078829095	0.75
12501.046337704682	750	11.912869733607005	0.0	411561	1799.6175800072979	0.013936712	0.75
12502.520952572882	750	14.438254865405787	0.0	318564	1474.6148682012185	0.0068028704	0.75
12504.00320099803	750	16.956006440259685	0.0	352642	1482.2484251461026	0.024523746	0.75
12505.918502105638	750	19.04070533265044	0.0	437162	1915.3011076092423	0.01615813	0.75
12507.69273025131	750	21.26647718697866	0.0	374758	1774.2281456717799	0.00683819	0.75
12509.92535703035	750	23.033850407938292	0.0	362795	2232.6267790403695	0.0058287233	0.75
12511.652177513877	750	25.30702992441152	0.0	353220	1726.82048352677	0.010473082	0.75
12513.47058895557	750	27.48861848271808	0.0	405134	1818.4114416934392	0.007920024	0.75
12515.15804128805	750	29.801166150238522	0.0	386351	1687.4523324795605	0.05053234	0.75
12516.809999977571	750	32.14920746071744	0.0	434409	1651.9586895210775	0.277091	0.75
12518.670077342116	1200	34.2891300961731	0.0	526950	1860.07736454434	0.34562418	0.75
12520.761617426077	1200	36.19759001221138	0.0	587876	2091.5400839617214	0.004705182	1.2
12522.802201033348	1200	38.15700640494093	0.0	617242	2040.5836072704535	0.004705182	1.2
12525.020697433834	1200	39.93851000445441	0.0	581493	2218.496400486517	0.005934422	1.2
12527.867152536026	1200	41.09205490226334	0.0	639204	2846.455102191065	0.0062922984	1.2
12530.475876964007	1200	42.48333047428189	0.0	586839	2608.724427981449	0.006073687	1.2
12533.017219524198	1200	43.94198791409179	0.0	601738	2541.3425601901026	0.007032847	1.2
12535.654434797765	1200	45.304772640522735	0.0	616206	2637.215273569053	0.0105281295	1.2
12538.718932915512	1200	46.24027452277518	0.0	656471	3064.498117747558	0.013916229	1.2
12541.21558068505	1200	47.74362675323816	0.0	536667	2496.6477695370177	0.019404091	1.2
12543.384943667186	1200	49.57426377110018	0.0	587236	2169.3629821379823	0.01975611	1.2
12545.46824764484	1200	51.49095979344649	0.0	590335	2083.303977653687	0.3644282	1.2
12553.31537999415	2850	47.64382744413647	0.0	1547572	7847.132349310023	0.4741502	1.2000000000000002
12557.981706275626	2850	46.97750116266029	0.0	1141971	4666.326281476183	0.004705182	2.85
12563.314331010208	2850	45.64487642807998	0.0	1498470	5332.624734580307	0.004705182	2.85
12570.039755462834	2850	42.919451975453576	0.0	1561263	6725.424452626403	0.004705182	2.85
12578.800851978154	2850	38.15835546013307	0.0	1341201	8761.096515320503	0.004705182	2.85
12596.085002154821	2850	24.87420528346586	0.0	1497683	17284.15017666722	0.008514105	2.85
12599.210144724271	1200	25.749062714017303	0.0	584349	3125.142569448557	0.032100018	-0.44999999999999996
12603.659035811259	1200	25.3001716270297	0.0	670129	4448.891086987603	0.004705182	1.2
12607.301118053121	1200	25.65808938516643	0.0	690253	3642.0822418632697	0.004705182	1.2
12609.702247026706	1200	27.256960411582128	0.0	598727	2401.1289735843025	0.004705182	1.2
12612.30131743404	1200	28.657890004250056	0.0	487812	2599.0704073320694	0.0077606835	1.2
12614.59244994874	1200	30.36675748954979	0.0	575591	2291.1325147002685	0.015645	1.2
12616.512818349029	1200	32.44638908926024	0.0	605884	1920.368400289552	0.01813264	1.2
12620.866107126001	2850	32.09310031228714	0.0	1402287	4353.2887769730905	0.17332096	1.2000000000000002
12625.342924122016	2850	31.61628331627167	0.0	1339500	4476.8169960154755	0.07028164	2.85
12630.47883521122	2850	30.480372227069758	0.0	1527299	5135.911089201912	0.14369416	2.85
12636.18570771707	2850	28.773499721218627	0.0	1343002	5706.872505851131	0.33179042	2.85
12643.475699126104	2850	25.483508312185943	0.0	1587250	7289.9914090326865	0.050373238	2.85
12649.218408264205	2850	23.740799174085588	0.0	1464921	5742.709138100356	0.010148026	2.85
12654.795761486344	2850	22.163445951946617	0.0	1483527	5577.353222138968	0.011831618	2.85
12659.985164076546	2850	20.974043361744265	0.0	1231456	5189.402590202353	0.017411724	2.85
12665.763866462226	2850	19.19534097606439	0.0	1364537	5778.702385679871	0.004705182	2.85

