21658.363345572852	750	4.0	6.8100179178166504	450283	6810.017917816651	0.0060973642	-28.533077046611595
21659.52766087317	300	6.835684699681131	0.0	155580	1164.3153003188686	0.004705182	-0.15000000000000002
21660.485794424592	300	9.877551148259398	0.0	139857	958.1335514217336	0.046987955	0.3
21661.614857867484	300	12.748487705369673	0.0	155432	1129.0634428897242	0.0065274085	0.3
21662.909635006137	300	15.453710566715028	0.0	163442	1294.7771386546447	0.065150246	0.3
21663.8762235718	300	18.48712200105353	0.0	126289	966.5885656614953	0.13305801	0.3
21664.99630804926	300	21.3670375235935	0.0	153295	1120.0844774600341	0.041683614	0.3
21666.258887518714	300	24.104458054141148	0.0	173849	1262.5794694523508	0.04946154	0.3
21667.359282108773	300	27.00406346408309	0.0	150710	1100.3945900580602	0.08987585	0.3
21668.396895480673	300	29.966450092183337	0.0	139105	1037.6133718997567	0.5035795	0.3
21670.997624846645	750	31.36572072621064	0.0	353220	2600.729365972695	0.6250181	0.3
21673.899672826836	750	32.46367274602147	0.0	405134	2902.0479801891665	0.028211243	0.75
21677.40296772734	750	32.960377845514394	0.0	386351	3503.294900507085	0.0070276097	0.75
21681.013848907813	750	33.349496665040924	0.0	434409	3610.881180473464	0.009182344	0.75
21683.472854996275	750	34.89049057658085	0.0	337059	2459.006088460071	0.005029334	0.75
21686.565563671636	750	35.79778190121997	0.0	366214	3092.70867536088	0.004705182	0.75
21689.243518096857	750	37.119827475999685	0.0	360831	2677.954425220287	0.004705182	0.75
21692.341677737862	750	38.02166783499343	0.0	372963	3098.1596410062575	0.0062126927	0.75
21696.111997851684	750	38.251347721172415	0.0	405596	3770.320113821012	0.005774921	0.75
21699.82855762193	750	38.534787950927885	0.0	350713	3716.5597702445307	0.0056058685	0.75
21705.559151970436	750	36.80419360242399	0.0	386472	5730.594348503893	0.0048971754	0.75
21709.23804562731	750	37.12529994554808	0.0	399894	3678.893656875911	0.004705182	0.75
21712.932412143306	750	37.43093342955501	0.0	401853	3694.3665159930647	0.005267277	0.75
21716.426304857137	750	37.93704071571966	0.0	343800	3493.892713835355	0.00781673	0.75
21720.093487874794	750	38.269857698064726	0.0	359903	3667.183017654932	0.008383277	0.75
21723.626281058583	750	38.73706451427508	0.0	379700	3532.7931837896485	0.012332477	0.75
21727.843276943993	750	38.52006862886624	0.0	425781	4216.995885408841	0.028932402	0.75
21730.185227649097	750	40.17811792376373	0.0	277716	2341.9507051025157	0.05249775	0.75
21733.93239372189	750	40.43095185096877	0.0	400396	3747.166072794956	0.1228518	0.75
21739.59275657333	750	38.770588999527185	0.0	400508	5660.362851441583	0.24776208	0.75
21743.97287112776	750	38.39047444509689	0.0	358218	4380.114554430295	0.038877256	0.75
21748.24846494704	750	38.11488062582016	0.0	400322	4275.593819276731	0.062149562	0.75
21752.22106277532	750	38.14228279753997	0.0	369834	3972.597828280196	0.16772375	0.75
21756.977969298812	750	37.38537627404515	0.0	412837	4756.906523494819	0.20851582	0.75
21765.208940188328	750	33.15440538453127	0.0	401088	8230.97088951388	0.19641688	0.75
21773.059906716604	750	29.303438856252754	0.0	365161	7850.966528278522	0.010218266	0.75
21776.775150235328	750	29.588195337525995	0.0	321064	3715.2435187267574	0.00556225	0.75
21779.233537649514	750	31.12980792334323	0.0	361565	2458.3874141827655	0.01101277	0.75
21783.219074363373	750	31.144271209483435	0.0	378327	3985.5367138597935	0.6232592	0.75
21786.46116545089	750	31.902180121962473	0.0	390680	3242.091087520963	0.48412308	0.75
21790.14762778709	1200	32.21571778576421	0.0	566904	3686.4623361982626	0.50892586	0.75
21793.939861697192	1200	32.42348387566009	0.0	641452	3792.233910104117	0.0049130637	1.2
21797.871762287607	1200	32.49158328524631	0.0	599477	3931.9005904137844	0.007308025	1.2
21802.952571290632	1200	31.410774282220437	0.0	634861	5080.809003025866	0.006448446	1.2
21808.138944479935	1200	30.224401092916604	0.0	630203	5186.373189303835	0.009454057	1.2
21814.002137800035	1200	28.361207772816474	0.0	638661	5863.193320100128	0.009091643	1.2
21817.961914389907	1200	28.40143118294388	0.0	538612	3959.7765898725916	0.006109042	1.2
21822.872466457036	1200	27.490879115815243	0.0	550906	4910.5520671286395	0.0059531177	1.2

