1789.7289221565932	750	4.0	5.105653885378062	450283	5105.653885378062	0.0067411056	-21.204311707125665
1793.8846238962533	300	4.0	0.15570173966025685	155580	4155.701739660257	0.009507473	-0.8195174805391044
1796.3412573262212	300	5.543366570032065	0.0	139857	2456.6334299679343	0.004705182	0.3
1797.6276864617112	300	8.256937434542367	0.0	155432	1286.4291354896984	0.004705182	0.3
1804.0850735633023	2850	5.799550332950953	0.0	1472558	6457.387101591415	0.007567592	0.30000000000000027
1805.7270227386969	750	8.157601157556622	0.0	318564	1641.9491753943312	0.0063283695	-1.35
1806.98905327871	750	10.895570617543312	0.0	352642	1262.030540013309	0.61109936	0.75
1808.4104313158564	750	13.47419258039713	0.0	437162	1421.378037146181	0.1440914	0.75
1809.971322144447	750	15.913301751806566	0.0	374758	1560.8908285905638	0.017818503	0.75
1811.4547617431097	750	18.42986215314373	0.0	362795	1483.4395986628376	0.020866564	0.75
1812.6385049462513	750	21.246118950002188	0.0	353220	1183.7432031415442	0.018253721	0.75
1814.5929332752146	1200	23.291690621038732	0.0	594078	1954.4283289634532	0.6934156	0.75
1816.6538954611262	1200	25.230728435127123	0.0	624282	2060.9621859116087	0.0073759207	1.2
1818.8529508953927	1200	27.031673000860664	0.0	687371	2199.0554342664586	0.0047785323	1.2
1820.6568024891592	1200	29.22782140709421	0.0	526950	1803.8515937664517	0.004705182	1.2
1822.597062309094	1200	31.2875615871594	0.0	587876	1940.259819934815	0.004705182	1.2
1824.622774174453	1200	33.26184972180045	0.0	617242	2025.7118653589544	0.004705182	1.2
1826.8630955245692	1200	35.02152837168407	0.0	581493	2240.3213501163755	0.008769947	1.2
1830.6247032768097	1200	35.259920619443506	0.0	639204	3761.607752240567	0.007155937	1.2
1833.1299968291883	1200	36.75462706706505	0.0	586839	2505.293552378454	0.004705182	1.2
1835.129753581463	1200	38.75487031479015	0.0	601738	1999.7567522748966	0.0049894024	1.2
1837.4180291374682	1200	40.466594758785185	0.0	616206	2288.2755560049677	0.012861743	1.2
1839.6658480153824	1200	42.21877588087096	0.0	656471	2247.8188779142297	0.016334776	1.2
1841.7482244260748	1200	44.13639947017842	0.0	536667	2082.37641069254	0.2751463	1.2
1844.2198135357378	1200	45.66481036051545	0.0	587236	2471.589109662961	0.2937755	1.2
1848.4483811372525	1200	45.4362427590006	0.0	590335	4228.567601514857	0.15989988	1.2
1854.3779994630104	1200	43.50662443324284	0.0	696376	5929.618325757756	0.0059834584	1.2
1857.6451215946208	1200	44.23950230163227	0.0	487160	3267.1221316105625	0.004705182	1.2
1862.8118238406353	1200	43.07280005561783	0.0	622896	5166.702246014443	0.004705182	1.2
1868.8641003549287	1200	41.02052354132449	0.0	641447	6052.276514293333	0.004705182	1.2
1876.5999995919951	1200	37.284624304258216	0.0	570392	7735.89923706628	0.004705182	1.2
1882.7126286567407	1200	35.17199523951245	0.0	620283	6112.629064745764	0.034842327	1.2
1887.9949056958633	1200	33.88971820038988	0.0	584349	5282.277039122567	0.023452694	1.2
1894.0726003758211	1200	31.81202352043195	0.0	670129	6077.694679957928	0.02680256	1.2
1900.6877490002853	1200	29.196874895967884	0.0	690253	6615.1486244640655	0.031339467	1.2
1905.2591587383583	1200	28.625465157894773	0.0	598727	4571.409738073111	0.029553672	1.2
1909.660449386723	1200	28.224174509530137	0.0	487812	4401.290648364636	0.008454005	1.2
1913.518076049694	1200	28.366547846559325	0.0	575591	3857.6266629708125	0.029354172	1.2
1919.2659486936031	1200	26.618675202650163	0.0	605884	5747.872643909162	0.0057782703	1.2
1925.9145457485654	1200	23.970078147687797	0.0	587506	6648.597054962367	0.01770199	1.2
1932.429669030724	1200	21.45495486552939	0.0	566904	6515.123282158406	0.072429396	1.2
1936.4848663817606	1200	21.39975751449265	0.0	641452	4055.1973510367416	0.19561218	1.2
1941.2234883192618	1200	20.661135576991477	0.0	599477	4738.6219375011715	0.006115518	1.2
1947.3390915215816	1200	18.54553237467167	0.0	634861	6115.60320231981	0.013048841	1.2
1951.6876875276976	1200	18.19693636855583	0.0	630203	4348.5960061158385	0.03269003	1.2
1960.739980747753	1200	13.144643148500393	0.0	638661	9052.293220055435	0.0050582644	1.2
1964.8885874853595	750	12.996036410893865	0.0	331053	4148.6067376065275	0.027288599	0.3
1968.1889281415322	750	13.695695754721232	0.0	314107	3300.340656172633	0.005877526	0.75

