15808.567812295147	750	4.0	1.1482833162359447	450283	1148.2833162359448	0.011606511	-4.187618259814562
15809.599267333442	750	6.968544961703175	0.0	398865	1031.455038296825	0.004705182	0.75
15810.581462138256	750	9.986350156888886	0.0	350812	982.1948048142882	0.0081491815	0.75
15811.991237271524	750	12.576575023620407	0.0	382355	1409.7751332684786	0.18671392	0.75
15814.116810253596	750	14.451002041550248	0.0	411561	2125.57298207016	0.20772982	0.75
15816.356784125499	750	16.21102816964728	0.0	318564	2239.973871902966	0.00935991	0.75
15817.88155110177	750	18.686261193379067	0.0	352642	1524.7669762682149	0.007971496	0.75
15819.473798652163	750	21.09401364298466	0.0	437162	1592.2475503944088	0.0071361847	0.75
15820.853700083422	750	23.714112211726448	0.0	374758	1379.90143125821	0.22162078	0.75
15822.433597748977	750	26.134214546170313	0.0	362795	1579.8976655561378	0.5475167	0.75
15825.04610132493	750	27.521710970218646	0.0	353220	2612.5035759516663	0.2716158	0.75
15826.904791650646	750	29.663020644501362	0.0	405134	1858.6903257172844	0.005474611	0.75
15828.282525310397	750	32.28528698474934	0.0	386351	1377.7336597520207	0.085963085	0.75
15830.433001852989	1200	34.13481044215805	0.0	687371	2150.4765425912947	0.45433444	0.75
15831.690940437173	1200	36.876871857973896	0.0	526950	1257.9385841841577	0.004705182	1.2
15833.156328012208	1200	39.411484282939675	0.0	587876	1465.3875750342208	0.008732362	1.2
15834.84368592914	1200	41.7241263660072	0.0	617242	1687.35791693247	0.07894735	1.2
15839.963228852923	2850	40.60458344222429	0.0	1358801	5119.54292378291	0.7324547	1.2000000000000002
15853.34265308407	2850	31.22515921107759	0.0	1537156	13379.4242311467	0.004705182	2.85
15859.118218477444	1200	29.449593817702443	0.0	586839	5775.5653933751455	0.004705182	-0.44999999999999996
15862.051664569146	1200	30.516147726001574	0.0	601738	2933.44609170087	0.118757375	1.2
15864.384126929885	1200	32.18368536526265	0.0	616206	2332.462360738931	0.0051157074	1.2
15866.435724393046	1200	34.132087902101574	0.0	656471	2051.597463161069	0.004705182	1.2
15868.154009918973	1200	36.413802376174374	0.0	536667	1718.2855259271976	0.007421047	1.2
15870.13266826605	1200	38.43514402909937	0.0	587236	1978.6583470750058	0.032542445	1.2
15872.040477220757	1200	40.527335074390614	0.0	590335	1907.8089547087607	0.06644005	1.2
15874.51172493483	1200	42.05608736031821	0.0	696376	2471.2477140723977	0.21868026	1.2
15878.341179915036	2850	42.22663238011104	0.0	1141971	3829.4549802071733	0.24709971	1.2000000000000002
15882.693759319782	2850	41.87405297536595	0.0	1498470	4352.579404745089	0.008160124	2.85
15888.514735338895	2850	40.053076956253165	0.0	1561263	5820.97601911279	0.023989607	2.85
15892.821275396764	2850	39.74653689838286	0.0	1341201	4306.540057870305	0.007838456	2.85
15896.50539669733	2850	40.062415597818514	0.0	1497683	3684.1213005643413	0.010770818	2.85
15899.841330200308	2850	40.72648209483984	0.0	1358081	3335.933502978672	0.04692023	2.85
15904.179620518464	2850	40.38819177668386	0.0	1587293	4338.2903181559805	0.11921607	2.85
15908.406019719581	2850	40.16179257556669	0.0	1492672	4226.399201117167	0.15427059	2.85
15912.345552437624	2850	40.222259857524335	0.0	1439896	3939.532718042359	0.26917002	2.85
15917.006623851572	4300	39.56118844357775	0.0	1919781	4661.071413946585	0.65544724	2.8499999999999996
15922.063739814075	4300	38.504072481073955	0.0	2147467	5057.1159625037935	0.004705182	4.3
15927.995095720556	4300	36.57271657459231	0.0	2133870	5931.355906481642	0.004705182	4.3
15933.67409169768	4300	34.893720597468274	0.0	2146120	5678.995977124037	0.004705182	4.3
15939.901403851514	4300	32.66640844363428	0.0	2108491	6227.312153833991	0.004705182	4.3
15948.943340803879	4300	27.624471491269954	0.0	2184571	9041.936952364329	0.004705182	4.3
15956.99789988107	4300	23.569912414080378	0.0	2121928	8054.559077189576	0.046923317	4.3
15963.613638232942	4300	20.954174062205805	0.0	2219102	6615.738351874572	0.12655173	4.3
15968.001489530208	2850	20.566322764941404	0.0	1464921	4387.851297264403	0.069096096	1.4000000000000001
15973.321147670706	2850	19.246664624444932	0.0	1483527	5319.658140496471	0.012693989	2.85
15978.036336402032	2850	18.53147589311664	0.0	1231456	4715.188731328294	0.006211434	2.85
15982.905136490455	2850	17.662675804693396	0.0	1364537	4868.8000884232415	0.004705182	2.85

