5145.309889378947	750	4.0	2.8598146493896546	450283	2859.8146493896547	0.13053331	-11.547202992375514
5147.188588091203	750	6.121301287744215	0.0	398865	1878.6987122557848	0.08836	0.75
5148.7523769256595	750	8.55751245328761	0.0	350812	1563.788834456606	0.004705182	0.75
5150.903815558893	750	10.406073820053155	0.0	382355	2151.438633234453	0.014236581	0.75
5152.881806045469	750	12.428083333477735	0.0	411561	1977.9904865754206	0.038424555	0.75
5154.396948376187	750	14.912941002760196	0.0	318564	1515.1423307175398	0.011154898	0.75
5155.785476105657	750	17.524413273289525	0.0	352642	1388.5277294706684	0.030142989	0.75
5157.233846265946	750	20.07604311299949	0.0	437162	1448.370160290039	0.012243584	0.75
5158.470772532656	750	22.8391168462898	0.0	374758	1236.926266709687	0.06072078	0.75
5160.4572017923765	1200	24.85268758656996	0.0	560821	1986.4292597198448	0.684326	0.75
5162.790242891559	1200	26.51964648738768	0.0	607410	2333.0410991822787	0.017706066	1.2
5165.896755539728	1200	27.41313383921873	0.0	594078	3106.5126481689467	0.011041426	1.2
5168.601631155713	1200	28.70825822323268	0.0	624282	2704.875615986052	0.099262975	1.2
5172.006957283888	1200	29.302932095058306	0.0	687371	3405.3261281743708	0.021627314	1.2
5175.059690715743	1200	30.250198663202745	0.0	526950	3052.7334318555636	0.026421344	1.2
5177.325587410229	750	31.984301968717677	0.0	366214	2265.896694485065	0.11240462	0.3
5179.142147376481	750	34.16774200246441	0.0	360831	1816.5599662532734	0.14719218	0.75
5182.4727040644875	1200	34.83718531445844	0.0	581493	3330.5566880059696	0.6967877	0.75
5186.1847601057325	1200	35.12512927321292	0.0	639204	3712.056041245514	0.064935975	1.2
5189.341280184586	1200	35.96860919435929	0.0	586839	3156.5200788536285	0.045283645	1.2
5191.727166627668	1200	37.58272275127734	0.0	601738	2385.886443081955	0.012101034	1.2
5194.483305401863	1200	38.82658397708313	0.0	616206	2756.1387741942085	0.004705182	1.2
5197.15507164432	1200	40.15481773462597	0.0	656471	2671.7662424571627	0.004705182	1.2
5199.6010184785255	1200	41.70887090042025	0.0	536667	2445.9468342057125	0.0049180062	1.2
5202.121858547922	1200	43.18803083102385	0.0	587236	2520.8400693963963	0.005318379	1.2
5206.535907117762	1200	42.773982261184145	0.0	590335	4414.048569839712	0.010110927	1.2
5209.220968880163	1200	44.08892049878225	0.0	696376	2685.061762401889	0.004705182	1.2
5211.481374208707	1200	45.82851517023834	0.0	487160	2260.4053285439127	0.05811234	1.2
5213.879276829046	1200	47.43061254989981	0.0	622896	2397.9026203385242	0.024979385	1.2
5216.770025729541	1200	48.53986364940487	0.0	641447	2890.748900494949	0.7181409	1.2
5219.202667946288	1200	50.10722143265833	0.0	570392	2432.642216746544	0.73268944	1.2
5225.067923939291	2850	48.241965439654415	0.0	1497683	5865.255993003913	0.10611083	1.2000000000000002
5229.827360434894	2850	47.48252894405161	0.0	1358081	4759.436495602807	0.004705182	2.85
5236.52861862664	2850	44.781270752305986	0.0	1587293	6701.258191745622	0.005040477	2.85
5242.332385869573	2850	42.97750350937337	0.0	1492672	5803.767242932619	0.004705182	2.85
5247.7917533314485	2850	41.51813604749756	0.0	1439896	5459.367461875798	0.004705182	2.85
5252.736015060653	2850	40.57387431829377	0.0	1139291	4944.261729203796	0.004738706	2.85
5259.410862471981	2850	37.899026906965716	0.0	1499009	6674.847411328051	0.004705182	2.85
5264.022331892094	2850	37.2875574868523	0.0	1427478	4611.469420113413	0.004705182	2.85
5270.627861020783	2850	34.68202835816415	0.0	1402287	6605.529128688144	0.0074719037	2.85
5275.352740793217	2850	33.95714858573042	0.0	1339500	4724.879772433736	0.004705182	2.85
5281.34832511553	2850	31.961564263416943	0.0	1527299	5995.584322313478	0.0064586177	2.85
5288.660002219384	2850	28.649887159563477	0.0	1343002	7311.677103853465	0.005119686	2.85
5296.993847344697	2850	24.31604203425071	0.0	1587250	8333.845125312768	0.004705182	2.85
5306.848344890222	2850	18.461544488726155	0.0	1464921	9854.497545524557	0.004705182	2.85
5316.039506085147	1200	13.270383293800736	0.0	638661	9191.161194925418	0.058717586	-0.44999999999999996
5319.505693132708	1200	13.804196246239867	0.0	538612	3466.1870475608694	0.54671764	1.2
5322.134649049804	1200	15.175240329143973	0.0	550906	2628.9559170958933	0.004705182	1.2

