11450.833135258166	750	4.0	1.8471370276969283	450283	1847.1370276969283	0.004705182	-7.192689219096792
11452.772345648304	750	6.060789609862291	0.0	398865	1939.2103901377081	0.004705182	0.75
11454.510991470717	750	8.322143787449836	0.0	350812	1738.6458224124558	0.004705182	0.75
11456.170865236754	750	10.662270021413521	0.0	382355	1659.8737660363154	0.014071924	0.75
11457.983536103404	750	12.849599154763846	0.0	411561	1812.670866649674	0.0056112055	0.75
11459.36784447219	750	15.465290785977238	0.0	318564	1384.3083687866076	0.005648237	0.75
11461.190578626007	750	17.64255663216143	0.0	352642	1822.7341538158068	0.010515653	0.75
11463.11288812057	750	19.72024713759806	0.0	437162	1922.3094945633695	0.028170766	0.75
11464.440302832443	750	22.392832425724254	0.0	374758	1327.414711873806	0.0059275916	0.75
11465.668204441203	750	25.164930816965196	0.0	362795	1227.9016087590567	0.08758226	0.75
11467.243298000181	750	27.589837257987732	0.0	353220	1575.0935589774654	0.69681215	0.75
11468.828428022847	750	30.004707235323163	0.0	405134	1585.1300226645674	0.42106965	0.75
11470.476536909664	750	32.35659834850611	0.0	386351	1648.108886817054	0.3938834	0.75
11473.465868884825	1200	33.36726637334591	0.0	687371	2989.3319751601944	0.33582953	0.75
11476.037805138534	1200	34.79533011963575	0.0	526950	2571.936253710158	0.0061147506	1.2
11479.119655395907	1200	35.71347986226395	0.0	587876	3081.850257371802	0.007818714	1.2
11481.704437649914	1200	37.12869760825548	0.0	617242	2584.782254008477	0.0071909903	1.2
11484.070116176023	1200	38.76301908214885	0.0	581493	2365.6785261066216	0.004705182	1.2
11486.653735553318	1200	40.179399704853246	0.0	639204	2583.619377295602	0.004705182	1.2
11489.09864272588	1200	41.7344925322932	0.0	586839	2444.9071725600475	0.004705182	1.2
11491.183834956657	1200	43.64930030151549	0.0	601738	2085.1922307777118	0.004934577	1.2
11493.238198142057	1200	45.59493711611537	0.0	616206	2054.3631854001246	0.015454596	1.2
11496.100832840888	1200	46.73230241728416	0.0	656471	2862.6346988312052	0.07958305	1.2
11497.891599060289	1200	48.941536197883146	0.0	536667	1790.7662194010168	0.050452035	1.2
11503.112334316902	2850	47.72080094127045	0.0	1383735	5220.735256612696	0.48149216	1.2000000000000002
11508.50577240941	2850	46.32736284876226	0.0	1480464	5393.438092508183	0.004705182	2.85
11515.472006980943	2850	43.3611282772297	0.0	1547572	6966.23457153256	0.004705182	2.85
11520.923592314932	2850	41.90954294324017	0.0	1141971	5451.5853339895375	0.004705182	2.85
11527.856375289668	2850	38.97675996850545	0.0	1498470	6932.782974734717	0.004705182	2.85
11534.557852121776	2850	36.27528313639597	0.0	1561263	6701.47683210947	0.004705182	2.85
11540.765983166653	2850	34.06715209151841	0.0	1341201	6208.131044877561	0.004705182	2.85
11548.089936765084	2850	30.743198493088837	0.0	1497683	7323.9535984295735	0.004705182	2.85
11558.82337984399	2850	24.009755414182465	0.0	1358081	10733.443078906368	0.004705182	2.85
11570.995986390424	1200	15.83714886774943	0.0	670129	12172.606546433035	0.020852648	-0.44999999999999996
11574.460246756722	750	16.372888501452827	0.0	401088	3464.2603662966026	0.021981826	0.3
11577.325705298717	750	17.50742995945607	0.0	365161	2865.45854199676	0.1027951	0.75
11580.252898238583	750	18.580237019591376	0.0	321064	2927.192939864694	0.16260499	0.75
11585.23499202418	750	17.5981432339944	0.0	361565	4982.093785596973	0.08681747	0.75
11588.952979455486	750	17.880155802687156	0.0	378327	3717.9874313072423	0.005554868	0.75
11591.954720314912	750	18.878414943261117	0.0	390680	3001.7408594260432	0.01715935	0.75
11594.477266796031	750	20.35586846214089	0.0	345516	2522.546481120228	0.05048545	0.75
11597.426189231423	750	21.40694602675152	0.0	384505	2948.9224353893683	0.070445254	0.75
11601.949734802352	1200	20.883400455820603	0.0	599477	4523.545570930917	0.54279435	0.75
11606.042986302953	1200	20.79014895521967	0.0	634861	4093.2515006009344	0.022783805	1.2
11611.405052595941	1200	19.428082662231546	0.0	630203	5362.066292988121	0.0048270263	1.2
11617.152211398243	1200	17.68092385993112	0.0	638661	5747.158802300427	0.017157335	1.2
11623.85222332473	1200	14.980911933444629	0.0	538612	6700.011926486492	0.023107203	1.2
11627.60062628549	750	15.232508972683803	0.0	314107	3748.4029607608268	0.6947387	0.3

