9245.01051484244	750	4.0	7.947206251782381	450283	7947.2062517823815	0.1216087	-33.42298688266424
9247.76890736661	300	5.241607475832228	0.0	155580	2758.392524167771	0.004705182	-0.15000000000000002
9250.935956008592	300	6.07455883384848	0.0	139857	3167.048641983749	0.004705182	0.3
9255.461835001075	300	5.548679841364558	0.0	155432	4525.878992483921	0.004705182	0.3
9258.176275020389	300	6.834239822051922	0.0	163442	2714.4400193126367	0.004705182	0.3
9260.717503428854	300	8.293011413587552	0.0	126289	2541.2284084643697	0.004705182	0.3
9263.958724872418	300	9.051789970024087	0.0	153295	3241.2214435634646	0.004705182	0.3
9267.34310701654	300	9.667407825900725	0.0	173849	3384.3821441233636	0.004705182	0.3
9270.125588320838	300	10.88492652160276	0.0	150710	2782.481304297964	0.004705182	0.3
9273.540981539685	300	11.469533302755298	0.0	139105	3415.39321884746	0.004705182	0.3
9278.126844276414	300	10.883670566026595	0.0	141840	4585.862736728704	0.004705182	0.3
9282.410215597194	300	10.600299245246603	0.0	156148	4283.371320779992	0.004705182	0.3
9287.530417243937	300	9.48009759850249	0.0	160746	5120.2016467441135	0.004705182	0.3
9292.525867283903	300	8.484647558536341	0.0	179801	4995.4500399661465	0.004705182	0.3
9295.7357742545	300	9.274740587940252	0.0	140051	3209.9069705960896	0.004705182	0.3
9298.027812155411	300	10.982702687027935	0.0	138313	2292.037900912317	0.004705182	0.3
9299.511374217454	300	13.499140624984948	0.0	143509	1483.5620620429872	0.004705182	0.3
9301.49141917907	300	15.51909566336796	0.0	150616	1980.0449616169876	0.004705182	0.3
9304.671442850846	300	16.339071991592878	0.0	165384	3180.0236717750818	0.004705182	0.3
9307.642481648547	300	17.36803319389052	0.0	140881	2971.0387977023593	0.004705182	0.3
9310.908425833022	300	18.102089009415828	0.0	157671	3265.9441844746907	0.004705182	0.3
9313.964146235878	300	19.04636860655997	0.0	157812	3055.7204028558604	0.004705182	0.3
9316.672341577003	300	20.338173265434783	0.0	163927	2708.1953411251857	0.004705182	0.3
9318.283879779148	300	22.726635063288555	0.0	137654	1611.5382021462294	0.0047629997	0.3
9319.82467357808	300	25.1858412643585	0.0	146754	1540.793798930055	0.019855954	0.3
9321.303372929888	300	27.707141912550142	0.0	153938	1478.6993518083589	0.1038559	0.3
9323.03309750265	300	29.97741733978669	0.0	181901	1729.7245727634518	0.6355788	0.3
9325.602152024981	750	31.408362817456126	0.0	277716	2569.054522330565	0.35268176	0.3
9329.585085054077	750	31.425429788360027	0.0	400396	3982.9330290961007	0.004705182	0.75
9334.639978276724	750	30.37053656571292	0.0	400508	5054.893222647106	0.004721423	0.75
9338.596545040282	750	30.41396980215556	0.0	358218	3956.5667635573623	0.004705182	0.75
9344.794316041018	750	28.216198801420386	0.0	400322	6197.771000735174	0.005185541	0.75
9350.59689334468	750	26.413621497757305	0.0	369834	5802.577303663082	0.004705182	0.75
9355.36429945986	750	25.646215382576898	0.0	412837	4767.406115180405	0.004705182	0.75
9358.602391145227	750	26.408123697208246	0.0	401088	3238.0916853686513	0.004705182	0.75
9361.998711667356	750	27.0118031750783	0.0	365161	3396.3205221299504	0.036526762	0.75
9367.60734799207	750	25.403166850365377	0.0	321064	5608.63632471292	0.06104415	0.75
9372.465726804887	750	24.544788037549363	0.0	361565	4858.378812816016	0.004705182	0.75
9377.243936868183	750	23.76657797425218	0.0	378327	4778.210063297182	0.007694362	0.75
9381.009200617413	750	24.0013142250234	0.0	390680	3765.2637492287777	0.007897416	0.75
9384.527365708806	750	24.483149133629265	0.0	345516	3518.1650913941376	0.030286308	0.75
9387.203195015933	750	25.80731982650062	0.0	384505	2675.8293071286425	0.051914226	0.75
9392.405134507904	1200	24.60538033453094	0.0	599477	5201.9394919696815	0.5959991	0.75
9403.988064011182	1200	17.02245083125197	0.0	634861	11582.929503278972	0.022766475	1.2
9412.696394820576	750	12.314120021857619	0.0	398987	8708.330809394349	0.16759579	0.3
9416.037938871576	300	12.972575970859255	0.0	160064	3341.544050998364	0.24175626	-0.15000000000000002
9419.011353799731	300	13.999161042704934	0.0	137507	2973.4149281543223	0.1678664	0.3
9421.028575474262	300	15.981939368173748	0.0	118421	2017.2216745311864	0.097466975	0.3

