14930.710782043876	750	4.0	5.8396300502769165	450283	5839.630050276916	0.0056166286	-24.36040921619074
14932.951000419622	300	5.759781624254254	0.0	155580	2240.2183757457465	0.004705182	-0.15000000000000002
14934.379092253828	300	8.331689790048644	0.0	139857	1428.0918342056093	0.004705182	0.3
14935.72235115128	300	10.988430892596813	0.0	155432	1343.2588974518294	0.004705182	0.3
14937.154688059705	300	13.556093984173181	0.0	163442	1432.3369084236328	0.015599644	0.3
14938.356115237202	300	16.354666806674782	0.0	126289	1201.4271774984013	0.058476754	0.3
14939.761322821556	300	18.949459222321135	0.0	153295	1405.2075843536431	0.007944243	0.3
14941.512183962852	300	21.198598081024983	0.0	173849	1750.861141296156	0.010327961	0.3
14943.11471057758	300	23.596071466298095	0.0	150710	1602.526614726884	0.013474181	0.3
14944.483932648018	300	26.226849395859162	0.0	139105	1369.2220704389356	0.033993483	0.3
14945.76392586695	300	28.946856176927316	0.0	141840	1279.9932189318474	0.06852058	0.3
14947.391702082528	300	31.319079961349097	0.0	156148	1627.776215578218	0.15611108	0.3
14951.154079564745	750	31.556702479131427	0.0	386351	3762.3774822176665	0.22187501	0.3
14955.04966980427	750	31.661112239607284	0.0	434409	3895.5902395241424	0.13791953	0.75
14958.880634922656	750	31.830147121221245	0.0	337059	3830.9651183860396	0.027296217	0.75
14962.790440214443	750	31.920341829433017	0.0	366214	3909.805291788228	0.033593416	0.75
14965.805670008123	750	32.90511203575408	0.0	360831	3015.229793678941	0.0117317615	0.75
14969.540975412441	750	33.16980663143581	0.0	372963	3735.305404318262	0.004705182	0.75
14975.754648092936	750	30.95613395094011	0.0	405596	6213.672680495703	0.004705182	0.75
14980.075100759146	750	30.635681284730907	0.0	350713	4320.452666209203	0.010324379	0.75
14985.370163981506	750	29.340618062370616	0.0	386472	5295.06322236029	0.004705182	0.75
14991.629326812681	750	27.081455231196166	0.0	399894	6259.16283117445	0.004705182	0.75
14995.636157403538	750	27.07462464033977	0.0	401853	4006.8305908563957	0.01348506	0.75
15000.052900809456	750	26.657881234421232	0.0	343800	4416.74340591854	0.004705182	0.75
15006.13151294061	750	24.57926910326672	0.0	359903	6078.6121311545085	0.004705182	0.75
15009.902727632574	750	24.808054411302212	0.0	379700	3771.2146919645093	0.016977005	0.75
15012.801206026852	750	25.90957601702412	0.0	425781	2898.4783942780937	0.004705182	0.75
15014.918349001615	750	27.792433042261166	0.0	277716	2117.142974762951	0.0062615755	0.75
15017.872124335516	750	28.838657708359555	0.0	400396	2953.7753339016117	0.007028201	0.75
15020.702932811013	750	30.00784923286419	0.0	400508	2830.808475495366	0.015819827	0.75
15024.697607586895	1200	30.01317445698079	0.0	570392	3994.674775883398	0.15116677	0.75
15029.352042342201	1200	29.358739701675777	0.0	620283	4654.434755305009	0.14534639	1.2
15033.57357863067	1200	29.137203413206	0.0	584349	4221.536288469779	0.1420483	1.2
15038.800225878209	1200	27.910556165668606	0.0	670129	5226.647247537397	0.043392852	1.2
15044.885643368072	1200	25.825138675805	0.0	690253	6085.417489863606	0.03916405	1.2
15052.457389511068	1200	22.253392532811137	0.0	598727	7571.746142993864	0.067499705	1.2
15056.926298174589	1200	21.784483869290064	0.0	487812	4468.908663521073	0.65480113	1.2
15060.878170477341	1200	21.832611566536425	0.0	575591	3951.8723027536407	0.4540752	1.2
15065.331217259667	1200	21.37956478420979	0.0	605884	4453.0467823266345	0.03432849	1.2
15071.081255912333	1200	19.629526131544388	0.0	587506	5750.0386526654	0.025999557	1.2
15076.933502234879	1200	17.777279808999506	0.0	566904	5852.246322544883	0.15906864	1.2
15082.90426619855	1200	15.806515845328844	0.0	641452	5970.763963670661	0.37788042	1.2
15088.64635724313	1200	14.064424800748071	0.0	599477	5742.091044580772	0.367735	1.2
15094.243877942825	1200	12.466904101053643	0.0	634861	5597.520699694427	0.6173756	1.2
15101.291535794842	1200	9.419246249035966	0.0	630203	7047.657852017677	0.6568092	1.2
15107.393178027094	750	7.317604016784779	0.0	393804	6101.642232251187	0.008290348	0.3
15110.18755049379	300	8.523231550088033	0.0	137507	2794.3724666967482	0.12279194	-0.15000000000000002
15112.485630301224	300	10.225151742654464	0.0	118421	2298.0798074335667	0.004816222	0.3

