7294.165132180383	750	4.0	2.184991174137217	450283	2184.991174137217	0.63892317	-8.645462048790034
7295.8055199554665	750	6.35961222491618	0.0	398865	1640.3877750838199	0.004705182	0.75
7297.335812649794	750	8.829319530588549	0.0	350812	1530.2926943276307	0.004705182	0.75
7299.380379838631	750	10.784752341751526	0.0	382355	2044.5671888370243	0.00667644	0.75
7303.729875895857	750	10.435256284525005	0.0	411561	4349.496057226521	0.013663757	0.75
7312.974809173961	750	5.190323006420925	0.0	318564	9244.93327810408	0.28078005	0.75
7316.701347228597	300	5.46378495178475	0.0	153295	3726.538054636176	0.004705182	-0.15000000000000002
7319.507796669054	300	6.657335511327616	0.0	173849	2806.4494404571337	0.004705182	0.3
7321.231799153047	300	8.933333027333658	0.0	150710	1724.0024839939583	0.004705182	0.3
7322.565045796343	300	11.600086384038262	0.0	139105	1333.246643295394	0.004705182	0.3
7323.881758240356	300	14.283373940025209	0.0	141840	1316.7124440130533	0.004705182	0.3
7325.679686835685	300	16.48544534469617	0.0	156148	1797.9285953290396	0.004705182	0.3
7328.059208602731	300	18.105923577649772	0.0	160746	2379.5217670463967	0.004705182	0.3
7330.979245762583	300	19.18588641779799	0.0	179801	2920.0371598517827	0.004705182	0.3
7332.945579033882	300	21.219553146498995	0.0	140051	1966.3332712989973	0.0047159307	0.3
7333.895157770601	300	24.269974409779714	0.0	138313	949.5787367192836	0.007294602	0.3
7334.784368397075	300	27.380763783306364	0.0	143509	889.2106264733492	0.10298185	0.3
7335.6901821018	300	30.47495007858103	0.0	150616	905.8137047253346	0.62690586	0.3
7337.767696434766	750	32.39743574561501	0.0	405596	2077.514332966016	0.35777164	0.3
7339.44921859688	750	34.71591358350085	0.0	350713	1681.5221621141698	0.028278224	0.75
7342.648918427207	1200	35.51621375317448	0.0	601738	3199.699830326371	0.43914777	0.75
7346.247850846549	1200	35.91728133383192	0.0	616206	3598.9324193425546	0.058294058	1.2
7350.600173880247	1200	35.564958300134165	0.0	656471	4352.3230336977595	0.029675467	1.2
7357.245932395072	1200	32.91919978530984	0.0	536667	6645.75851482432	0.030671481	1.2
7361.102518974702	750	33.06261320567832	0.0	359903	3856.586579631525	0.68517745	0.3
7363.858220133898	750	34.3069120464833	0.0	379700	2755.701159195023	0.011696722	0.75
7365.927779371189	750	36.23735280919252	0.0	425781	2069.559237290772	0.12509643	0.75
7367.849600751057	1200	38.31553142932488	0.0	487160	1921.8213798676443	0.13207325	0.75
7370.9302527597965	1200	39.23487942058505	0.0	622896	3080.6520087398285	0.004705182	1.2
7374.155475836347	1200	40.009656344034376	0.0	641447	3225.2230765506774	0.0049167355	1.2
7377.488521004452	1200	40.67661117592848	0.0	570392	3333.045168105898	0.007485399	1.2
7380.432023667615	1200	41.73310851276576	0.0	620283	2943.5026631627225	0.005718279	1.2
7383.720476047679	1200	42.44465613270173	0.0	584349	3288.452380064027	0.019590044	1.2
7386.214828938075	1200	43.95030324230622	0.0	670129	2494.3528903955166	0.015498738	1.2
7392.822922031953	2850	41.34221014842776	0.0	1492672	6608.093093878458	0.22736855	1.2000000000000002
7399.568343112985	2850	38.59678906739562	0.0	1439896	6745.421081032137	0.004705182	2.85
7403.501790026085	2850	38.66334215429541	0.0	1139291	3933.44691310021	0.004705182	2.85
7408.51366066788	2850	37.65147151250069	0.0	1499009	5011.870641794717	0.004705182	2.85
7414.924992627768	2850	35.24013955261278	0.0	1427478	6411.331959887912	0.007462819	2.85
7419.374468701004	2850	34.790663479376235	0.0	1402287	4449.476073236549	0.004705182	2.85
7423.658957547234	2850	34.50617463314588	0.0	1339500	4284.488846230346	0.012473301	2.85
7429.388506410312	2850	32.776625770067795	0.0	1527299	5729.548863078092	0.0186608	2.85
7435.807106375799	2850	30.35802580458164	0.0	1343002	6418.599965486156	0.013467994	2.85
7441.612733398967	2850	28.55239878141236	0.0	1587250	5805.627023169281	0.004705182	2.85
7446.30934396768	2850	27.855788212699363	0.0	1464921	4696.610568713	0.02669838	2.85
7452.065858871281	2850	26.099273309098738	0.0	1483527	5756.514903600621	0.037115254	2.85
7460.4962966881285	2850	21.668835492251617	0.0	1231456	8430.437816847123	0.028096395	2.85
7466.8242053373715	2850	19.34092684300815	0.0	1364537	6327.90864924347	0.005190876	2.85

