8174.468120064977	750	4.0	0.9321555281170851	450283	932.1555281170852	0.14826347	-3.2582687709034657
8175.252661117606	750	7.2154589473707595	0.0	398865	784.541052629241	0.014362151	0.75
8175.908561478437	750	10.55955858654001	0.0	350812	655.9003608307488	0.48675635	0.75
8177.003520985162	1200	13.464599079814931	0.0	617681	1094.9595067250798	0.028406475	0.75
8178.20838747881	1200	16.25973258616643	0.0	652874	1204.8664936485	0.004705182	1.2
8179.182813399246	1200	19.28530666573089	0.0	520315	974.4259204355437	0.004705182	1.2
8180.243319052877	1200	22.224801012099494	0.0	561791	1060.505653631395	0.011772679	1.2
8181.483558147412	1200	24.98456191756435	0.0	709534	1240.2390945351488	0.06464589	1.2
8183.801649906906	2850	26.666470158070002	0.0	1348011	2318.091759494347	0.01783228	1.2000000000000002
8186.467919546211	2850	28.00020051876494	0.0	1429765	2666.26963930506	0.023886345	2.85
8189.542719448321	2850	28.9254006166551	0.0	1354548	3074.7999021098412	0.039046094	2.85
8192.913970341702	2850	29.554149723272797	0.0	1519951	3371.250893382305	0.009843514	2.85
8196.137311649676	2850	30.330808415300694	0.0	1422919	3223.3413079721017	0.009437497	2.85
8199.46958238988	2850	30.99853767509519	0.0	1578343	3332.2707402055007	0.0060895616	2.85
8201.708244690579	2850	32.75987537439632	0.0	1231445	2238.6623006988657	0.0152225485	2.85
8204.472025962348	2850	33.99609410262668	0.0	1471065	2763.7812717696465	0.021536164	2.85
8207.22549649147	2850	35.2426235735059	0.0	1491626	2753.4705291207774	0.023144627	2.85
8209.8898351525	2850	36.578284912475475	0.0	1358801	2664.338661030433	0.1225704	2.85
8212.821003238401	2850	37.64711682657435	0.0	1537156	2931.168085901124	0.103152335	2.85
8215.862352376538	2850	38.60576768843821	0.0	1336050	3041.349138136133	0.50655025	2.85
8218.747869091014	2850	39.72025097396112	0.0	1415116	2885.5167144770935	0.4215029	2.85
8221.428666129677	2850	41.03945393529774	0.0	1468126	2680.7970386633788	0.69001305	2.85
8225.528259660796	4300	40.939860404179626	0.0	2221506	4099.593531118115	0.58474773	2.8499999999999996
8229.33849816283	4300	41.12962190214599	0.0	2044075	3810.23850203364	0.004705182	4.3
8233.363684170665	4300	41.10443589431067	0.0	2186790	4025.186007835323	0.004705182	4.3
8237.066709061815	4300	41.40141100316051	0.0	2105231	3703.0248911501594	0.004705182	4.3
8241.55507377302	4300	40.913046291955695	0.0	2395588	4488.364711204814	0.004705182	4.3
8245.12988039317	4300	41.338239671805106	0.0	1972048	3574.806620150592	0.004705182	4.3
8248.859067422758	4300	41.60905264221731	0.0	2134614	3729.187029587793	0.004705182	4.3
8253.11951923959	4300	41.34860082538428	0.0	2164140	4260.451816833023	0.004705182	4.3
8257.303464505567	4300	41.16465555940818	0.0	2113193	4183.945265976103	0.004705182	4.3
8261.36787184202	4300	41.10024822295564	0.0	2147852	4064.4073364525425	0.004705182	4.3
8265.60561075789	4300	40.862509307085745	0.0	2191074	4237.738915869896	0.004705182	4.3
8269.903950846507	4300	40.56416921846826	0.0	2286761	4298.340088617486	0.004705182	4.3
8274.108030236162	4300	40.36008982881274	0.0	2307787	4204.079389655517	0.004705182	4.3
8278.202150490792	4300	40.26596957418333	0.0	2143948	4094.120254629413	0.004705182	4.3
8281.859045168989	4300	40.60907489598615	0.0	1919781	3656.8946781971795	0.004705182	4.3
8285.767790737149	4300	40.70032932782544	0.0	2147467	3908.745568160703	0.004705182	4.3
8289.470777723174	4300	40.99734234180128	0.0	2133870	3702.986986024164	0.004705182	4.3
8293.13074530927	4300	41.33737475570525	0.0	2146120	3659.9675860960256	0.004705182	4.3
8297.20766042202	4300	41.26045964295488	0.0	2108491	4076.9151127503746	0.004705182	4.3
8301.985151098785	4300	40.482968966190036	0.0	2184571	4777.490676764843	0.004705182	4.3
8306.67068518101	4300	39.7974348839655	0.0	2121928	4685.534082224533	0.004705182	4.3
8311.003026644237	4300	39.46509342073811	0.0	2219102	4332.341463227395	0.004705182	4.3
8314.918752190517	4300	39.54936787445856	0.0	2124950	3915.725546279547	0.004705182	4.3
8319.193571335818	4300	39.274548729156834	0.0	2246506	4274.819145301727	0.004705182	4.3
8322.98566360153	4300	39.48245646344553	0.0	1961140	3792.0922657113015	0.004705182	4.3
8327.565342575128	4300	38.90277748984724	0.0	2155012	4579.678973598289	0.004705182	4.3

