9603.12699392355	750	4.0	5.558065529459364	450283	5558.065529459364	0.004705182	-23.149681776675266
9605.934713055398	300	5.192280868151962	0.0	155580	2807.719131848038	0.0051663066	-0.15000000000000002
9607.320245390014	300	7.8067485335352504	0.0	139857	1385.5323346167118	0.004705182	0.3
9608.884790077538	300	10.24220384601217	0.0	155432	1564.5446875230796	0.004705182	0.3
9611.111542886149	300	12.015451037399814	0.0	163442	2226.7528086123575	0.0072060507	0.3
9612.785603744203	300	14.34139017934634	0.0	126289	1674.0608580534742	0.011881716	0.3
9614.853949661943	300	16.273044261605317	0.0	153295	2068.3459177410227	0.004705182	0.3
9617.573029555471	300	17.553964368077075	0.0	173849	2719.0798935282405	0.004705182	0.3
9620.344235464567	300	18.78275845898064	0.0	150710	2771.2059090964344	0.004705182	0.3
9622.475424896911	300	20.651569026636313	0.0	139105	2131.1894323443303	0.004705182	0.3
9623.764578369424	300	23.36241555412385	0.0	141840	1289.1534725124627	0.004705182	0.3
9624.902770552882	300	26.224223370664696	0.0	156148	1138.192183459156	0.012708321	0.3
9625.971743777965	300	29.155250145580887	0.0	160746	1068.9732250838097	0.046016578	0.3
9627.30862983645	300	31.818364087096555	0.0	179801	1336.8860584843326	0.3000771	0.3
9628.458947069776	300	34.668046853773056	0.0	140051	1150.317233323499	0.6862436	0.3
9631.169283845964	750	35.95771007758288	0.0	366214	2710.3367761901754	0.41948107	0.3
9633.747182286994	750	37.37981163655245	0.0	360831	2577.8984410304265	0.004705182	0.75
9636.480248786575	750	38.646745136972285	0.0	372963	2733.066499580171	0.0064672846	0.75
9639.174562753982	750	39.952431169563965	0.0	405596	2694.313967408323	0.009049417	0.75
9642.222845887949	750	40.90414803559715	0.0	350713	3048.2831339668137	0.051593512	0.75
9644.8798279139	750	42.24716600964709	0.0	386472	2656.98202595006	0.02668123	0.75
9647.75368193371	750	43.37331198983742	0.0	399894	2873.8540198096666	0.19236839	0.75
9650.882984145383	750	44.244009778164106	0.0	401853	3129.3022116733155	0.3911843	0.75
9653.704994102945	750	45.42199982060066	0.0	343800	2822.009957563445	0.5608331	0.75
9656.557957112364	750	46.56903681118403	0.0	359903	2852.963009416633	0.60361737	0.75
9662.135189775156	1200	44.99180414839148	0.0	590335	5577.23266279255	0.67355216	0.75
9670.668550443155	1200	40.45844348039243	0.0	696376	8533.36066799905	0.054410763	1.2
9674.559009511417	1200	40.5679844121319	0.0	487160	3890.459068260532	0.37986556	1.2
9678.629499906574	1200	40.4974940169747	0.0	622896	4070.4903951571946	0.06889605	1.2
9684.547508794261	1200	38.579485129286574	0.0	641447	5918.0088876881255	0.0071221944	1.2
9690.247757797055	1200	36.879236126493545	0.0	570392	5700.249002793028	0.016859725	1.2
9696.463416193528	1200	34.66357773002125	0.0	620283	6215.658396472295	0.033868745	1.2
9701.680923356951	1200	33.44607056659981	0.0	584349	5217.507163421441	0.031792115	1.2
9707.965141822577	1200	31.161852100973622	0.0	670129	6284.21846562619	0.024607783	1.2
9715.101158789068	1200	28.02583513448181	0.0	690253	7136.01696649181	0.072204046	1.2
9724.271110984244	1200	22.855882939306067	0.0	598727	9169.952195175745	0.086407624	1.2
9729.699165352886	750	21.42782857066291	0.0	321064	5428.054368643154	0.65746516	0.3
9733.20098865321	750	21.926005270338436	0.0	361565	3501.823300324475	0.004705182	0.75
9737.42209028295	750	21.704903640599888	0.0	378327	4221.101629738546	0.017381521	0.75
9741.548853077136	750	21.578140846412904	0.0	390680	4126.762794186982	0.013468887	0.75
9745.475458353552	750	21.65153556999532	0.0	345516	3926.605276417584	0.02426463	0.75
9749.272110790916	750	21.8548831326333	0.0	384505	3796.6524373620196	0.01740665	0.75
9754.198260992665	750	20.928732930884497	0.0	372093	4926.150201748806	0.06667457	0.75
9759.692701246136	750	19.434292677412998	0.0	438281	5494.440253471497	0.008608613	0.75
9762.981617616408	750	20.145376307142783	0.0	398987	3288.916370270217	0.016980764	0.75
9768.33798965498	1200	18.789004268571365	0.0	638661	5356.3720385714205	0.39231026	0.75
9774.744673321187	1200	16.382320602363173	0.0	538612	6406.683666208191	0.057624586	1.2
9777.402074354264	750	17.72491956928569	0.0	314107	2657.401033077482	0.68066454	0.3

