1439.2603573078568	750	4.0	11.415819972284071	450283	11415.81997228407	0.3782101	-48.338025880821505
1442.0834463802314	300	5.176910927625635	0.0	155580	2823.0890723743646	0.004705182	-0.15000000000000002
1444.379848892157	300	6.880508415700065	0.0	139857	2296.4025119255693	0.004705182	0.3
1446.4621832457642	300	8.798174062092835	0.0	155432	2082.334353607229	0.004705182	0.3
1449.4253595796304	300	9.834997728226448	0.0	163442	2963.1763338663886	0.004705182	0.3
1452.6658076533017	300	10.594549654555204	0.0	126289	3240.4480736712444	0.004705182	0.3
1455.3316159186838	300	11.928741389173108	0.0	153295	2665.8082653820957	0.004705182	0.3
1459.8237260491692	300	11.436631258687633	0.0	173849	4492.110130485475	0.004705182	0.3
1464.4712803439902	300	10.78907696386657	0.0	150710	4647.554294821064	0.004705182	0.3
1469.2231813139608	300	10.037175993896167	0.0	139105	4751.900969970405	0.004705182	0.3
1474.1794254829429	300	9.080931824913973	0.0	141840	4956.244168982194	0.004705182	0.3
1479.270504569743	300	7.9898527381139415	0.0	156148	5091.079086800031	0.004705182	0.3
1483.5743922158226	300	7.685965092034298	0.0	160746	4303.887646079643	0.004705182	0.3
1489.6973634647595	300	5.562993843097569	0.0	179801	6122.971248936729	0.004705182	0.3
1494.4661899840855	300	4.794167323771426	0.0	140051	4768.826519326142	0.004705182	0.3
1499.0648809930349	300	4.195476314822005	0.0	138313	4598.691008949421	0.004705182	0.3
1502.4493044498936	300	4.811052857963363	0.0	143509	3384.423456858642	0.004705182	0.3
1504.7128510134867	300	6.547506294370085	0.0	150616	2263.5465635932774	0.004705182	0.3
1506.3000307413995	300	8.960326566457432	0.0	165384	1587.179727912654	0.004705182	0.3
1507.6602302934373	300	11.600127014419334	0.0	140881	1360.1995520380992	0.004705182	0.3
1508.9600443163595	300	14.30031299149726	0.0	157671	1299.814022922074	0.004705182	0.3
1510.1400248484042	300	17.120332459452786	0.0	157812	1179.9805320444698	0.004705182	0.3
1511.3639031850812	300	19.89645412277562	0.0	163927	1223.8783366771659	0.032521185	0.3
1512.3824239793614	300	22.87793332849557	0.0	137654	1018.5207942800525	0.20010185	0.3
1513.4339870663086	300	25.82637024154806	0.0	146754	1051.563086947508	0.663054	0.3
1515.9155130589115	750	27.344844248945147	0.0	379700	2481.525992602912	0.28265214	0.3
1518.5994331067843	750	28.660924201072458	0.0	425781	2683.920047872688	0.013035588	0.75
1520.469973763973	750	30.79038354388367	0.0	277716	1870.540657188786	0.08618583	0.75
1523.4250554939085	750	31.835301813948256	0.0	400396	2955.081729935418	0.11168672	0.75
1526.4031704082624	750	32.85718689959423	0.0	400508	2978.114914354021	0.21266699	0.75
1529.938146384843	1200	33.322210923013536	0.0	570392	3534.9759765806984	0.5285513	0.75
1532.9680232771082	1200	34.29233403074849	0.0	620283	3029.876892265046	0.011431073	1.2
1535.683969095717	1200	35.57638821213951	0.0	584349	2715.945818608973	0.004705182	1.2
1539.2976196449313	1200	35.96273766292527	0.0	670129	3613.650549214246	0.0056286347	1.2
1542.8522423670936	1200	36.40811494076295	0.0	690253	3554.6227221623176	0.007113061	1.2
1545.6550311651797	1200	37.605326142676866	0.0	598727	2802.7887980860824	0.016375465	1.2
1547.96425659103	1200	39.29610071682644	0.0	487812	2309.2254258504277	0.12986678	1.2
1550.3197773945276	1200	40.94057991332903	0.0	575591	2355.5208034974066	0.25738266	1.2
1552.9669857542422	1200	42.29337155361441	0.0	605884	2647.208359714617	0.06445512	1.2
1559.0251981080257	2850	40.23515919983079	0.0	1402287	6058.212353783625	0.008859121	1.2000000000000002
1564.8793906351916	2850	38.38096667266481	0.0	1339500	5854.192527165978	0.005900508	2.85
1573.3898658266141	2850	33.870491481242425	0.0	1527299	8510.47519142239	0.007392336	2.85
1581.6772430028373	2850	29.583114305019343	0.0	1343002	8287.37717622308	0.004705182	2.85
1588.4409261201347	2850	26.819431187721978	0.0	1587250	6763.683117297366	0.004705182	2.85
1594.7787107080733	2850	24.481646599783467	0.0	1464921	6337.78458793851	0.004705182	2.85
1601.0429236767254	2850	22.21743363113145	0.0	1483527	6264.21296865202	0.004705182	2.85
1606.4121757906064	2850	20.848181517250712	0.0	1231456	5369.252113880734	0.004705182	2.85
1612.9057126370153	2850	18.35464467084164	0.0	1364537	6493.5368464090725	0.004705182	2.85

