14584.450140334702	750	4.0	4.277909780182569	450283	4277.909780182569	0.010029708	-17.64501205478505
14585.69912663482	300	6.75101369988408	0.0	155580	1248.98630011592	0.097041264	-0.15000000000000002
14587.243598307674	300	9.206542027029297	0.0	139857	1544.4716728547828	0.23950832	0.3
14589.013957435684	300	11.436182899020517	0.0	155432	1770.3591280087778	0.0056449124	0.3
14590.751604361692	300	13.69853597301224	0.0	163442	1737.6469260082768	0.021819811	0.3
14591.827559228766	300	16.622581105937652	0.0	126289	1075.9548670745899	0.044788033	0.3
14593.20932724977	300	19.240813084935734	0.0	153295	1381.7680210019194	0.020244313	0.3
14594.49410756617	300	21.956032768534115	0.0	173849	1284.780316401619	0.01582669	0.3
14595.67513933696	300	24.7750009977436	0.0	150710	1181.031770790515	0.069258	0.3
14596.737441905481	300	27.712698429222556	0.0	139105	1062.30256852104	0.17381488	0.3
14597.729363491744	300	30.720776842960674	0.0	141840	991.9215862618821	0.22136134	0.3
14598.567810731643	300	33.882329603060676	0.0	156148	838.447239900004	0.61190045	0.3
14600.320962934495	750	36.12917740020991	0.0	386351	1753.152202850763	0.13476515	0.3
14602.296911120524	750	38.153229214178566	0.0	434409	1975.9481860313483	0.03895938	0.75
14603.6823184615	750	40.767821873203495	0.0	337059	1385.4073409750736	0.44289932	0.75
14605.035532257183	750	43.414608077520235	0.0	366214	1353.2137956832582	0.376833	0.75
14607.915921563956	1200	44.534218770747614	0.0	617242	2880.389306772622	0.014245217	0.75
14611.151835492097	1200	45.29830484260566	0.0	581493	3235.913928141947	0.004705182	1.2
14613.975115684689	1200	46.47502465001515	0.0	639204	2823.2801925905155	0.004705182	1.2
14616.441420677265	1200	48.00871965743837	0.0	586839	2466.3049925767805	0.004705182	1.2
14618.955718353838	1200	49.49442198086635	0.0	601738	2514.2976765720246	0.0059664734	1.2
14621.851129960727	1200	50.599010373976455	0.0	616206	2895.4116068898943	0.007969964	1.2
14624.47211260195	1200	51.97802773275205	0.0	656471	2620.9826412244042	0.010450565	1.2
14626.613655560053	1200	53.836484774649385	0.0	536667	2141.5429581026597	0.09828691	1.2
14628.708060979707	1200	55.74207935499692	0.0	587236	2094.405419652466	0.22556746	1.2
14634.785518984416	2850	53.66462135028846	0.0	1480464	6077.458004708449	0.3715215	1.2000000000000002
14640.831448729823	2850	51.61869160488184	0.0	1547572	6045.929745406629	0.004705182	2.85
14644.528362489524	2850	51.92177784518095	0.0	1141971	3696.913759700887	0.004705182	2.85
14648.763487662065	2850	51.68665267263945	0.0	1498470	4235.125172541508	0.004705182	2.85
14654.017845149989	2850	50.43229518471768	0.0	1561263	5254.357487921762	0.004705182	2.85
14658.316258962432	2850	50.13388137227368	0.0	1341201	4298.413812444008	0.004705182	2.85
14663.469429170049	2850	48.980711164656526	0.0	1497683	5153.170207617147	0.0049796253	2.85
14667.527214601763	2850	48.92292573294415	0.0	1358081	4057.7854317123733	0.005385997	2.85
14672.926981906017	2850	47.52315842868925	0.0	1587293	5399.767304254903	0.013228895	2.85
14679.514731422589	2850	44.93540891211871	0.0	1492672	6587.749516570534	0.00848962	2.85
14683.651627768097	2850	44.798512566609745	0.0	1439896	4136.896345508965	0.005794944	2.85
14687.405512282856	2850	45.04462805185131	0.0	1139291	3753.8845147584348	0.07655799	2.85
14692.997082134432	2850	43.45305820027406	0.0	1499009	5591.569851577256	0.026429167	2.85
14697.19436326111	2850	43.255777073597294	0.0	1427478	4197.281126676763	0.020495452	2.85
14701.473720626922	2850	42.97641970778374	0.0	1402287	4279.357365813557	0.1397576	2.85
14706.711502197279	2850	41.73863813742779	0.0	1339500	5237.781570355947	0.32587716	2.85
14713.02908958794	2850	39.4210507467674	0.0	1527299	6317.587390660397	0.06079576	2.85
14717.610691254169	2850	38.839449080539076	0.0	1343002	4581.60166622832	0.048565242	2.85
14723.988975351924	2850	36.461164982783465	0.0	1587250	6378.28409775561	0.23842523	2.85
14729.827115946102	2850	34.6230243886062	0.0	1464921	5838.140594177264	0.06062528	2.85
14734.62692826723	2850	33.823212067478366	0.0	1483527	4799.812321127828	0.065977074	2.85
14738.472623875296	2850	33.9775164594119	0.0	1231456	3845.6956080664595	0.34697646	2.85
14743.455359662006	2850	32.99478067270146	0.0	1364537	4982.735786710445	0.24894574	2.85

