13388.073448522911	750	4.0	4.010168074006698	450283	4010.168074006698	0.013056348	-16.4937227182288
13389.247366615557	300	6.8260819073535774	0.0	155580	1173.9180926464226	0.24438845	-0.15000000000000002
13390.25238079616	300	9.821067726748996	0.0	139857	1005.0141806045834	0.47084692	0.3
13391.380599684695	300	12.692848838215301	0.0	155432	1128.218888533694	0.048618242	0.3
13392.520933457667	300	15.552515065242709	0.0	163442	1140.3337729725922	0.3425058	0.3
13394.228703710094	750	17.844744812815424	0.0	318564	1707.7702524272838	0.5071492	0.3
13396.149410044989	750	19.9240384779207	0.0	352642	1920.7063348947245	0.39867693	0.75
13397.067268341007	300	23.00618018190209	0.0	173849	917.8582960186138	0.37114772	-0.15000000000000002
13397.863899557058	300	26.209548965851788	0.0	150710	796.6312160502986	0.67376006	0.3
13399.77424657332	750	28.299201949588273	0.0	362795	1910.3470162635147	0.6093451	0.3
13401.641088379407	750	30.43236014350315	0.0	353220	1866.8418060851252	0.0074019767	0.75
13403.781945504097	750	32.29150301881227	0.0	405134	2140.857124690876	0.0072605903	0.75
13405.864388417554	750	34.209060105354766	0.0	386351	2082.4429134575084	0.016970089	0.75
13407.621023098218	750	36.45242542469204	0.0	434409	1756.6346806627257	0.040286057	0.75
13408.937953469534	750	39.13549505337403	0.0	337059	1316.9303713180095	0.62905157	0.75
13411.55036027607	1200	40.523088246840736	0.0	587876	2612.4068065332917	0.117496245	0.75
13415.699521473658	1200	40.37392704925246	0.0	617242	4149.161197588275	0.004705182	1.2
13419.058206383212	1200	41.0152421396982	0.0	581493	3358.6849095542534	0.01504075	1.2
13422.151320327825	1200	41.922128195085534	0.0	639204	3093.1139446126713	0.0070787715	1.2
13424.997410414835	1200	43.07603810807422	0.0	586839	2846.090087011313	0.004705182	1.2
13427.525729390965	1200	44.54771913194311	0.0	601738	2528.3189761311073	0.004705182	1.2
13430.513432160351	1200	45.5600163625572	0.0	616206	2987.70276938591	0.004705182	1.2
13433.403170517302	1200	46.67027800560683	0.0	656471	2889.738356950371	0.004705182	1.2
13436.07518314086	1200	47.99826538204913	0.0	536667	2672.012623557701	0.0080736475	1.2
13438.904003868844	1200	49.16944465406422	0.0	587236	2828.8207279849003	0.0067662145	1.2
13441.826822996163	1200	50.246625526744054	0.0	590335	2922.8191273201646	0.012158543	1.2
13445.649927875089	1200	50.42352064781987	0.0	696376	3823.104878924192	0.015365441	1.2
13448.208435701961	1200	51.86501282094854	0.0	487160	2558.5078268713223	0.031500936	1.2
13452.192525293869	1200	51.8809232290389	0.0	622896	3984.0895919096415	0.027978625	1.2
13456.35902543855	1200	51.714423084358856	0.0	641447	4166.50014468004	0.016102828	1.2
13459.392792445531	1200	52.68065607737942	0.0	570392	3033.7670069794412	0.021056328	1.2
13463.25536396112	1200	52.81808456179074	0.0	620283	3862.5715155886796	0.04837552	1.2
13466.793788170144	1200	53.279660352766136	0.0	584349	3538.424209024602	0.06725668	1.2
13470.464672181346	1200	53.608776341565225	0.0	670129	3670.8840112009125	0.08906233	1.2
13474.653891852575	1200	53.41955667033646	0.0	690253	4189.219671228761	0.5781277	1.2
13479.123956709815	1200	52.94949181309632	0.0	598727	4470.064857240139	0.61705875	1.2
13484.42511475953	1200	51.64833376338284	0.0	487812	5301.158049713482	0.37004656	1.2
13488.557042753591	1200	51.516405769320436	0.0	575591	4131.9279940623965	0.021275971	1.2
13495.402929593927	1200	48.6705189289868	0.0	605884	6845.886840333636	0.16627185	1.2
13504.97248572954	1200	43.10096279337294	0.0	587506	9569.556135613855	0.007750449	1.2
13510.218843167802	1200	41.85460535511012	0.0	566904	5246.357438262828	0.004705182	1.2
13517.307566122287	1200	38.76588240062729	0.0	641452	7088.722954482824	0.004705182	1.2
13522.22315473474	1200	37.85029378817377	0.0	599477	4915.58861245352	0.004705182	1.2
13528.577338496703	1200	35.49611002621059	0.0	634861	6354.183761963187	0.004705182	1.2
13535.034819208968	1200	33.03862931394606	0.0	630203	6457.480712264533	0.0047080424	1.2
13542.681415574038	1200	29.392032948876505	0.0	638661	7646.596365069558	0.0047481135	1.2
13546.798142863845	1200	29.275305659068678	0.0	538612	4116.727289807826	0.004705182	1.2
13552.731017989465	1200	27.342430533449324	0.0	550906	5932.875125619354	0.004705182	1.2

