5324.279776454176	750	4.0	2.1451274043719923	450283	2145.1274043719923	0.004705182	-8.474047838799567
5326.299253527102	750	5.9805229270739275	0.0	398865	2019.477072926073	0.004705182	0.75
5331.619781361506	750	4.65999509266922	0.0	350812	5320.527834404707	0.004705182	0.75
5333.850914717596	300	6.42886173657925	0.0	155432	2231.133356089969	0.0067450423	-0.15000000000000002
5335.5766471391025	300	8.703129315073515	0.0	163442	1725.7324215057363	0.0067577204	0.3
5336.672342520675	300	11.607433933501447	0.0	126289	1095.6953815720676	0.018887352	0.3
5337.958214218097	300	14.321562236079124	0.0	153295	1285.8716974223232	0.037011158	0.3
5339.486551214967	300	16.79322523920906	0.0	173849	1528.3369968700665	0.03479738	0.3
5340.702928489442	300	19.576847964733933	0.0	150710	1216.377274475127	0.02401707	0.3
5341.8329680501	300	22.446808404076144	0.0	139105	1130.03956065779	0.049497414	0.3
5343.146487206915	300	25.1332892472616	0.0	141840	1313.5191568145422	0.0329539	0.3
5344.946840416494	300	27.33293603768264	0.0	156148	1800.3532095789585	0.0800471	0.3
5346.316340316837	300	29.963436137339187	0.0	160746	1369.4999003434536	0.100571424	0.3
5347.939838079395	300	32.339938374781795	0.0	179801	1623.4977625573938	0.52586716	0.3
5350.69352046417	750	33.58625599000603	0.0	337059	2753.682384775764	0.69680536	0.3
5353.789241020671	750	34.49053543350591	0.0	366214	3095.7205565001223	0.008456914	0.75
5357.210907454101	750	35.06886900007531	0.0	360831	3421.6664334305988	0.004705182	0.75
5360.809313403369	750	35.470463050808014	0.0	372963	3598.4059492672973	0.004705182	0.75
5364.90508845232	750	35.374688001856676	0.0	405596	4095.7750489513405	0.004705182	0.75
5369.554912397083	750	34.7248640570945	0.0	350713	4649.82394476217	0.004705182	0.75
5373.174641112898	750	35.105135341279926	0.0	386472	3619.728715814569	0.004705182	0.75
5376.558884000274	750	35.7208924539041	0.0	399894	3384.242887375834	0.004705182	0.75
5379.522969081752	750	36.75680737242581	0.0	401853	2964.085081478278	0.005728776	0.75
5382.291435365286	750	37.988341088892014	0.0	343800	2768.466283533801	0.021530345	0.75
5385.099529869324	750	39.1802465848536	0.0	359903	2808.094504038413	0.030728796	0.75
5388.108106697333	750	40.171669756845006	0.0	379700	3008.5768280086	0.12622122	0.75
5391.696435031173	750	40.58334142300489	0.0	425781	3588.328333840119	0.23709865	0.75
5393.892367375008	750	42.38740907916964	0.0	277716	2195.932343835242	0.40599194	0.75
5398.832048611655	1200	41.44772784252165	0.0	622896	4939.681236647996	0.6477125	0.75
5403.936143617355	1200	40.34363283682268	0.0	641447	5104.095005698977	0.019304162	1.2
5409.721748430507	1200	38.558028023670445	0.0	570392	5785.604813152231	0.008622381	1.2
5415.8020881752345	1200	36.47768827894345	0.0	620283	6080.339744727001	0.036982764	1.2
5419.56886404854	1200	36.71091240563861	0.0	584349	3766.7758733048427	0.03405579	1.2
5424.544002393674	1200	35.735774060503815	0.0	670129	4975.138345134797	0.004755598	1.2
5429.56758737619	1200	34.71218907798729	0.0	690253	5023.584982516524	0.00486189	1.2
5434.379535620229	1200	33.900240833948146	0.0	598727	4811.948244039146	0.004705182	1.2
5438.126780426326	1200	34.15299602785112	0.0	487812	3747.2448060970296	0.004705182	1.2
5443.189070519333	1200	33.09070593484499	0.0	575591	5062.290093006121	0.004705182	1.2
5448.772338244496	1200	31.507438209682196	0.0	605884	5583.267725162795	0.0047087576	1.2
5456.125882891828	1200	28.15389356234961	0.0	587506	7353.544647332589	0.0051334263	1.2
5462.527452434033	1200	25.75232402014495	0.0	566904	6401.569542204657	0.022918304	1.2
5468.825537042376	1200	23.454239411802817	0.0	641452	6298.084608342137	0.034607552	1.2
5476.232512237295	1200	20.04726421688353	0.0	599477	7406.975194919285	0.025190787	1.2
5485.048979190097	1200	15.230797264080715	0.0	634861	8816.466952802815	0.26331887	1.2
5496.5722127219315	750	7.707563732246035	0.0	398987	11523.23353183468	0.23226053	0.3
5502.647829593332	300	5.631946860845491	0.0	160064	6075.616871400544	0.004705182	-0.15000000000000002
5507.706792523121	300	4.572983931056422	0.0	137507	5058.962929789069	0.004705182	0.3
5511.78894764637	300	4.490828807807457	0.0	118421	4082.155123248966	0.004705182	0.3

