16877.56664486497	750	4.0	3.995068697861578	450283	3995.068697861578	0.004705182	-16.428795400804784
16879.058916952305	300	6.507727912669612	0.0	155580	1492.2720873303876	0.25708872	-0.15000000000000002
16880.331013006366	300	9.235631858607427	0.0	139857	1272.0960540621852	0.08518161	0.3
16881.745795957904	300	11.820848907070088	0.0	155432	1414.7829515373378	0.01016828	0.3
16883.291217368198	300	14.27542749677892	0.0	163442	1545.4214102911674	0.06926868	0.3
16884.338170427418	300	17.228474437554695	0.0	126289	1046.9530592242274	0.10544589	0.3
16885.58537218959	300	19.98127267538223	0.0	153295	1247.201762172467	0.03335882	0.3
16887.0607513751	300	22.505893489876183	0.0	173849	1475.379185506045	0.034868635	0.3
16888.367752131962	300	25.19889273301395	0.0	150710	1307.0007568622354	0.067038454	0.3
16889.54113341615	300	28.02551144882591	0.0	139105	1173.3812841880376	0.14323233	0.3
16892.81112007522	750	28.75552478975241	0.0	353220	3269.986659073499	0.2278279	0.3
16898.519427343213	750	27.04721752176084	0.0	405134	5708.307267991572	0.40950036	0.75
16902.02873555322	300	27.537909311753225	0.0	160746	3509.308210007612	0.57152754	-0.15000000000000002
16905.161601213134	300	28.40504365183781	0.0	179801	3132.865659915414	0.010906799	0.3
16907.22354890437	300	30.343095960603534	0.0	140051	2061.947691234276	0.018818475	0.3
16909.030855930814	300	32.53578893415961	0.0	138313	1807.307026443928	0.038148858	0.3
16911.347746681113	300	34.21889818385842	0.0	143509	2316.890750301185	0.0726013	0.3
16913.209132620766	300	36.35751224420262	0.0	150616	1861.3859396558075	0.092607334	0.3
16915.405519348595	300	38.16112551637559	0.0	165384	2196.3867278270263	0.64076793	0.3
16919.426645017556	750	38.13999984741417	0.0	350713	4021.125668961422	0.57650095	0.3
16923.27207978174	750	38.294565083235	0.0	386472	3845.4347641791674	0.005035513	0.75
16926.907608679874	750	38.65903618509634	0.0	399894	3635.528898138661	0.004705182	0.75
16931.458742174233	750	38.107902690739685	0.0	401853	4551.133494356657	0.004705182	0.75
16935.81444488064	750	37.7521999843321	0.0	343800	4355.702706407578	0.004705182	0.75
16942.079013132574	750	35.48763173240364	0.0	359903	6264.568251928458	0.004705182	0.75
16948.80732925459	750	32.7593156103865	0.0	379700	6728.316122017142	0.004705182	0.75
16954.967314173442	750	30.599330691533357	0.0	425781	6159.984918853144	0.004705182	0.75
16961.524614562946	750	28.042030302025612	0.0	277716	6557.300389507744	0.004705182	0.75
16972.60980940776	750	20.95683545721414	0.0	400396	11085.19484481147	0.004705182	0.75
16976.729798326654	300	20.836846538316983	0.0	149029	4119.988918897158	0.50446707	-0.15000000000000002
16980.077168441792	300	21.489476423180363	0.0	157421	3347.3701151366204	0.16014846	0.3
16982.997253523623	300	22.569391341351235	0.0	157488	2920.0850818291274	0.20072748	0.3
16986.61322293664	300	22.953421928330723	0.0	143881	3615.969413020508	0.12766026	0.3
16996.746721419164	750	16.81992344581079	0.0	412837	10133.498482519935	0.12823941	0.3
17000.85947505202	300	16.70716981295371	0.0	179328	4112.753632857082	0.008207891	-0.15000000000000002
17003.744833811685	300	17.82181105328796	0.0	159914	2885.3587596657467	0.037756976	0.3
17006.41928762074	300	19.14735724423146	0.0	131610	2674.4538090564947	0.02142608	0.3
17008.408902336625	300	21.157742528350912	0.0	124011	1989.61471588055	0.019569343	0.3
17010.578541378654	300	22.988103486319254	0.0	144254	2169.639042031656	0.20453376	0.3
17012.892274803584	300	24.674370061392672	0.0	149991	2313.733424926583	0.6740098	0.3
17021.199089271588	750	20.36755559338834	0.0	345516	8306.814468004335	0.47978196	0.3
17027.6260206307	750	17.94062423427255	0.0	384505	6426.9313591157825	0.6690809	0.75
17031.855272333894	750	17.71137253108074	0.0	372093	4229.2517031918105	0.16613126	0.75
17036.02886302511	750	17.537781839865893	0.0	438281	4173.590691214849	0.018857539	0.75
17039.56170627091	750	18.00493859406422	0.0	398987	3532.843245801672	0.007890089	0.75
17042.747112462366	750	18.819532402606097	0.0	393804	3185.4061914581243	0.083427474	0.75
17045.50224548043	750	20.064399384544735	0.0	331053	2755.1330180613577	0.40253618	0.75
17048.18161004705	750	21.38503481792602	0.0	314107	2679.3645666187185	0.618842	0.75

