10339.415948563745	750	4.0	12.266701258043659	450283	12266.701258043659	0.034615792	-51.99681540958773
10344.047869094005	300	4.0	0.6319205302601922	155580	4631.920530260192	0.004705182	-2.867258280118827
10347.095700760337	300	4.952168333667658	0.0	139857	3047.8316663323417	0.004705182	0.3
10350.365177197575	300	5.682691896429397	0.0	155432	3269.4764372382615	0.004705182	0.3
10353.722452618384	300	6.325416475623024	0.0	163442	3357.275420806372	0.004705182	0.3
10355.850218083431	300	8.19765101057458	0.0	126289	2127.765465048444	0.004705182	0.3
10358.055544551593	300	9.99232454241477	0.0	153295	2205.326468159809	0.004705182	0.3
10360.251905617264	300	11.795963476741463	0.0	173849	2196.3610656733085	0.004705182	0.3
10362.059911947224	300	13.987957146781996	0.0	150710	1808.006329959466	0.004705182	0.3
10363.731650150285	300	16.316218943722877	0.0	139105	1671.7382030591195	0.004705182	0.3
10365.17825307662	300	18.86961601738669	0.0	141840	1446.6029263361888	0.004705182	0.3
10366.796241888156	300	21.251627205851133	0.0	156148	1617.9888115355566	0.005567736	0.3
10368.538208835402	300	23.509660258605173	0.0	160746	1741.9669472459561	0.010484936	0.3
10370.445342786128	300	25.602526307880897	0.0	179801	1907.1339507242762	0.016794618	0.3
10371.870403357363	300	28.177465736647086	0.0	140051	1425.0605712338108	0.035318922	0.3
10373.35685755918	300	30.691011534829666	0.0	138313	1486.454201817416	0.10687349	0.3
10375.147575053285	300	32.90029404072579	0.0	143509	1790.7174941038757	0.25453722	0.3
10377.080153215049	300	34.96771587896075	0.0	150616	1932.5781617650355	0.43261394	0.3
10379.063107269678	300	36.98476182433157	0.0	165384	1982.9540546291828	0.69580966	0.3
10383.561682403124	750	36.48618669088411	0.0	350713	4498.575133447461	0.38298583	0.3
10388.667261103923	750	35.3806079900865	0.0	386472	5105.578700797615	0.009352475	0.75
10392.890851582031	750	35.1570175119771	0.0	399894	4223.590478109401	0.0068222247	0.75
10397.369802867883	750	34.67806622612728	0.0	401853	4478.951285849825	0.004705182	0.75
10402.306710779802	750	33.74115831420849	0.0	343800	4936.907911918786	0.004705182	0.75
10406.995992794062	750	33.051876299948944	0.0	359903	4689.282014259553	0.004705182	0.75
10409.52576574126	750	34.52210335274845	0.0	379700	2529.772947200484	0.004705182	0.75
10412.687457295082	750	35.360411798925895	0.0	425781	3161.6915538225617	0.024706801	0.75
10414.865869721518	750	37.18199937249173	0.0	277716	2178.4124264341685	0.076598704	0.75
10417.462140363437	750	38.585728730570345	0.0	400396	2596.2706419213837	0.122705385	0.75
10422.340531112084	1200	37.70733798192479	0.0	641447	4878.390748645555	0.66705537	0.75
10425.858617192496	1200	38.18925190151341	0.0	570392	3518.0860804113768	0.02030755	1.2
10430.073809532092	1200	37.97405956191574	0.0	620283	4215.192339597672	0.005002743	1.2
10434.43571022392	1200	37.61215887008969	0.0	584349	4361.900691826047	0.004705182	1.2
10438.528981881758	1200	37.51888721225005	0.0	670129	4093.2716578396444	0.004705182	1.2
10442.98881410688	1200	37.05905498712793	0.0	690253	4459.83222512212	0.004705182	1.2
10446.744332283559	1200	37.30353681044871	0.0	598727	3755.5181766792143	0.004705182	1.2
10449.963115864844	1200	38.08475322916183	0.0	487812	3218.7835812868866	0.007477062	1.2
10453.966167445844	1200	38.0817016481622	0.0	575591	4003.0515809996223	0.0065548536	1.2
10458.135862590094	1200	37.91200650391334	0.0	605884	4169.695144248864	0.011679738	1.2
10463.562956985994	1200	36.48491210801253	0.0	587506	5427.094395900807	0.01645358	1.2
10467.47012631517	1200	36.5777427788361	0.0	566904	3907.1693291764414	0.006391948	1.2
10476.090251523126	1200	31.957617570880057	0.0	641452	8620.125207956036	0.014059298	1.2
10479.615851502867	1200	32.432017591139065	0.0	599477	3525.5999797409927	0.0051783193	1.2
10483.48700291926	1200	32.56086617474539	0.0	634861	3871.1514163936718	0.0049287598	1.2
10486.944898714375	1200	33.102970379631536	0.0	630203	3457.895795113858	0.009227874	1.2
10496.373762930354	1200	27.674106163652528	0.0	638661	9428.864215979012	0.100288935	1.2
10506.531881403936	1200	21.515987690071096	0.0	538612	10158.11847358143	0.004705182	1.2
10511.22049152243	1200	20.827377571577863	0.0	550906	4688.610118493236	0.31251204	1.2

