17050.4799038367	750	4.0	2.2982937896467757	450283	2298.2937896467756	0.48912808	-9.132663295481136
17052.53409922132	750	5.94580461537696	0.0	398865	2054.19538462304	0.0057502133	0.75
17053.87411030056	750	8.60579353613712	0.0	350812	1340.0110792398405	0.0053672213	0.75
17055.321271507444	750	11.158632329252743	0.0	382355	1447.161206884377	0.0049919924	0.75
17056.929175714904	750	13.550728121794712	0.0	411561	1607.9042074580307	0.004803596	0.75
17058.088365623105	750	16.39153821359309	0.0	318564	1159.1899082016187	0.0064444165	0.75
17059.236337850143	750	19.243565986556543	0.0	352642	1147.9722270365494	0.022508733	0.75
17060.59497031314	750	21.88493352355775	0.0	437162	1358.632462998793	0.1888529	0.75
17062.425838024512	1200	24.05406581218671	0.0	584846	1830.8677113710382	0.47501656	0.75
17064.210962694004	1200	26.26894114269395	0.0	560821	1785.124669492759	0.0066866884	1.2
17066.291388679438	1200	28.18851515726167	0.0	607410	2080.425985432281	0.004705182	1.2
17068.532917528275	1200	29.946986308424147	0.0	594078	2241.5288488375213	0.004705182	1.2
17071.060097010493	1200	31.419806826204827	0.0	624282	2527.1794822193233	0.004705182	1.2
17074.672630868135	1200	31.80727296856098	0.0	687371	3612.5338576438426	0.004705182	1.2
17076.864394451255	1200	33.61550938544182	0.0	526950	2191.763583119165	0.0057980204	1.2
17078.905711749263	1200	35.57419208743642	0.0	587876	2041.3172980053923	0.004705182	1.2
17080.812982068743	1200	37.666921767956175	0.0	617242	1907.2703194802443	0.004705182	1.2
17082.63204441787	1200	39.84785941883174	0.0	581493	1819.062349124442	0.0077488944	1.2
17084.510316551656	1200	41.96958728504736	0.0	639204	1878.2721337843745	0.015926749	1.2
17086.432699585708	1200	44.0472042509927	0.0	586839	1922.383034054666	0.2080694	1.2
17088.616560647915	1200	45.86334318878605	0.0	601738	2183.8610622066503	0.49211627	1.2
17090.676621794308	1200	47.80328204239131	0.0	616206	2060.061146394745	0.5486511	1.2
17095.54861832106	2850	46.931285515639836	0.0	1505760	4871.996526751473	0.1868786	1.2000000000000002
17100.71387112455	2850	45.76603271215101	0.0	1323990	5165.252803488822	0.004705182	2.85
17105.9227980112	2850	44.55710582549832	0.0	1383735	5208.926886652694	0.004705182	2.85
17111.013335542248	2850	43.46656829445328	0.0	1480464	5090.537531045043	0.004705182	2.85
17116.002539038338	2850	42.477364798362544	0.0	1547572	4989.203496090741	0.004705182	2.85
17120.026199990218	2850	42.453703846483634	0.0	1141971	4023.6609518789037	0.004705182	2.85
17125.278651697397	2850	41.2012521393043	0.0	1498470	5252.451707179336	0.004705182	2.85
17131.197012846147	2850	39.282890990557554	0.0	1561263	5918.361148746746	0.004705182	2.85
17135.47432710288	2850	39.00557673382721	0.0	1341201	4277.314256730341	0.004705182	2.85
17141.988748941534	2850	36.491154895170176	0.0	1497683	6514.421838657036	0.004705182	2.85
17147.91853978681	2850	34.561364049894124	0.0	1358081	5929.790845276055	0.004705182	2.85
17156.427915531385	2850	30.051988305317362	0.0	1587293	8509.375744576764	0.004705182	2.85
17169.901431645747	2850	20.578472190956713	0.0	1492672	13473.51611436065	0.004705182	2.85
17175.94790549353	1200	18.53199834317698	0.0	598727	6046.473847779732	0.004705182	-0.44999999999999996
17183.788189989278	1200	14.691713847425806	0.0	487812	7840.284495751174	0.027918125	1.2
17187.514741991177	750	14.965161845530204	0.0	361565	3726.5520018956004	0.19014154	0.3
17192.09876561826	750	14.381138218450074	0.0	378327	4584.023627080131	0.026975974	0.75
17198.81185458132	750	11.668049255387869	0.0	390680	6713.088963062207	0.0055875727	0.75
17204.415298079773	750	10.064605756931998	0.0	345516	5603.44349845587	0.6661922	0.75
17205.97473221962	300	12.505171617084537	0.0	161857	1559.4341398474605	0.49911234	-0.15000000000000002
17209.678138012925	750	12.801765823782137	0.0	372093	3703.4057933024005	0.65194345	0.3
17212.780964665697	750	13.698939171007593	0.0	438281	3102.826652774546	0.01683346	0.75
17215.199696653723	750	15.28020718297828	0.0	398987	2418.731988029313	0.018890325	0.75
17217.924457839286	750	16.555445997414076	0.0	393804	2724.761185564203	0.5869235	0.75
17219.940203442442	750	18.53970039425695	0.0	331053	2015.745603157127	0.6789	0.75
17223.070906975772	1200	19.408996860926862	0.0	550906	3130.703533330089	0.35300562	0.75

