15637.256239702056	750	4.0	3.3429362672757508	450283	3342.9362672757507	0.015029402	-13.624625949285727
15640.287039508594	750	4.96920019346033	0.0	398865	3030.79980653967	0.5913531	0.75
15642.970798804708	750	6.285440897346153	0.0	350812	2683.7592961141772	0.60663885	0.75
15644.075637632735	300	9.180602069318482	0.0	155432	1104.8388280276713	0.22647591	-0.15000000000000002
15645.371292697462	300	11.88494700459283	0.0	163442	1295.655064725652	0.15426385	0.3
15646.529287949345	300	14.72695175270964	0.0	126289	1157.9952518831915	0.22940606	0.3
15647.659611810988	300	17.596627891066802	0.0	153295	1130.3238616428384	0.061864693	0.3
15648.877976922626	300	20.378262779428564	0.0	173849	1218.3651116382327	0.085349746	0.3
15649.773642716895	300	23.482596985161223	0.0	150710	895.6657942673415	0.16944002	0.3
15650.50254401717	300	26.75369568488583	0.0	139105	728.9013002753944	0.42324263	0.3
15652.322702757434	750	28.93353694462288	0.0	353220	1820.1587402629527	0.69667834	0.3
15654.837967807123	750	30.418271894933138	0.0	405134	2515.2650496897418	0.007464268	0.75
15656.762626559013	750	32.493613143043106	0.0	386351	1924.658751890036	0.005196745	0.75
15658.598594392297	750	34.65764530975956	0.0	434409	1835.9678332835483	0.017601468	0.75
15660.246309316548	750	37.00993038551015	0.0	337059	1647.7149242494038	0.4902191	0.75
15661.936641323304	750	39.31959837875458	0.0	366214	1690.3320067555787	0.5526628	0.75
15664.664372750125	1200	40.5918669519334	0.0	617242	2727.731426821178	0.4083545	0.75
15667.050846197184	1200	42.20539350487432	0.0	581493	2386.4734470590756	0.004705182	1.2
15670.16495294438	1200	43.091286757678226	0.0	639204	3114.106747196102	0.004705182	1.2
15674.08247461079	1200	43.17376509126939	0.0	586839	3917.521666408838	0.004705182	1.2
15678.96091317429	1200	42.29532652776966	0.0	601738	4878.438563499723	0.004705182	1.2
15686.414173592842	1200	38.842066109217306	0.0	616206	7453.2604185523605	0.007170952	1.2
15693.136647792468	1200	36.11959190959342	0.0	656471	6722.47419962389	0.27439514	1.2
15700.078056373795	1200	33.17818332826632	0.0	536667	6941.408581327093	0.44970652	1.2
15705.331140671078	750	31.925099030983485	0.0	359903	5253.084297282835	0.43503565	0.3
15711.72959954865	750	29.526640153412615	0.0	379700	6398.458877570869	0.004705182	0.75
15715.020259472454	750	30.235980229607048	0.0	425781	3290.659923805567	0.004705182	0.75
15716.681379013433	750	32.57486068862844	0.0	277716	1661.119540978605	0.016615827	0.75
15719.245985429481	750	34.01025427257979	0.0	400396	2564.606416048654	0.246876	0.75
15721.818616031003	750	35.437623671055775	0.0	400508	2572.630601524017	0.42337283	0.75
15725.696533673005	1200	35.559706029055526	0.0	570392	3877.9176420002495	0.62601995	0.75
15729.228269594434	1200	36.027970107626764	0.0	620283	3531.7359214287562	0.010425914	1.2
15732.231129234171	1200	37.02511046789035	0.0	584349	3002.8596397364136	0.004705182	1.2
15735.414137434957	1200	37.84210226710503	0.0	670129	3183.0082007853266	0.004705182	1.2
15738.344160222836	1200	38.91207947922495	0.0	690253	2930.022787880071	0.010047665	1.2
15741.50051366628	1200	39.755726035780945	0.0	598727	3156.3534434440057	0.10634598	1.2
15743.60568782519	1200	41.65055187687058	0.0	487812	2105.174158910359	0.21242936	1.2
15753.813612111346	2850	35.44262759071572	0.0	1499009	10207.92428615486	0.63604754	1.2000000000000002
15773.62799663957	2850	19.628243062489705	0.0	1427478	19814.38452822602	0.068270564	2.85
15775.873758850026	300	21.38248085203366	0.0	149991	2245.762210456047	0.25336283	-2.25
15777.923258461024	300	23.33298124103808	0.0	147968	2049.49961099558	0.68885183	0.3
15782.017041377158	750	23.239198324904283	0.0	384505	4093.782916133799	0.08361901	0.3
15787.264473448808	750	21.99176625325375	0.0	372093	5247.43207165053	0.5941662	0.75
15790.777956593822	750	22.478283108240692	0.0	438281	3513.4831450130605	0.2999483	0.75
15793.874405537414	750	23.381834164647366	0.0	398987	3096.4489435933247	0.66802865	0.75
15798.397408524352	1200	22.858831177709146	0.0	638661	4523.002986938223	0.60521346	0.75
15802.370778670553	1200	22.88546103150688	0.0	538612	3973.370146202267	0.026494946	1.2
15807.41952897891	1200	21.83671072314979	0.0	550906	5048.750308357088	0.0057570897	1.2

