3164.693539155325	750	4.0	1.3915974527875299	450283	1391.5974527875298	0.036956903	-5.233869046986379
3166.004865699227	750	6.688673456098364	0.0	398865	1311.3265439016354	0.004705182	0.75
3167.430429040554	750	9.26311011477146	0.0	350812	1425.5633413269038	0.004705182	0.75
3168.9017338923404	750	11.791805262985298	0.0	382355	1471.3048517861628	0.004705182	0.75
3170.3554647491537	750	14.33807440617169	0.0	411561	1453.7308568136064	0.007570766	0.75
3171.581343963092	750	17.11219519223342	0.0	318564	1225.8792139382724	0.046508823	0.75
3172.753012543362	750	19.940526611964195	0.0	352642	1171.6685802692216	0.028901301	0.75
3174.2235881578795	750	22.469950997446	0.0	437162	1470.5756145181995	0.23237558	0.75
3176.4476947688677	1200	24.245844386458145	0.0	584846	2224.1066109878525	0.3386003	0.75
3178.1988515303374	1200	26.49468762498822	0.0	560821	1751.1567614699275	0.017555311	1.2
3179.847441144431	1200	28.846098010894586	0.0	607410	1648.589614093633	0.00538064	1.2
3181.690185885927	1200	31.003353269398666	0.0	594078	1842.7447414959222	0.004705182	1.2
3183.6195943116627	1200	33.073944843663	0.0	624282	1929.408425735669	0.004705182	1.2
3185.9133507068536	1200	34.780188448471975	0.0	687371	2293.7563951910215	0.004909309	1.2
3187.9908150444626	1200	36.70272411086258	0.0	526950	2077.4643376093964	0.00913851	1.2
3190.2176352674373	1200	38.47590388788804	0.0	587876	2226.8202229745402	0.0051521575	1.2
3192.5437509548656	1200	40.149788200459895	0.0	617242	2326.1156874281432	0.0056862985	1.2
3194.690371986609	1200	42.00316716871661	0.0	581493	2146.6210317432824	0.013711217	1.2
3197.536718329822	1200	43.15682082550328	0.0	639204	2846.346343213325	0.016131587	1.2
3200.589247609825	1200	44.10429154550013	0.0	586839	3052.529280003145	0.010405254	1.2
3202.898381423162	1200	45.79515773216355	0.0	601738	2309.1338133365807	0.006389468	1.2
3205.159423604996	1200	47.53411555032955	0.0	616206	2261.042181834007	0.015113006	1.2
3207.882609450722	1200	48.810929704603254	0.0	656471	2723.1858457263	0.046075925	1.2
3210.350386720048	1200	50.34315243527777	0.0	536667	2467.777269325481	0.10015613	1.2
3212.8414109358573	1200	51.85212821946842	0.0	587236	2491.0242158093565	0.07432304	1.2
3214.9418797517214	1200	53.751659403604215	0.0	590335	2100.4688158642	0.45813653	1.2
3220.575849234985	2850	52.11768992034033	0.0	1547572	5633.969483263885	0.3037948	1.2000000000000002
3225.468250392044	2850	51.22528876328154	0.0	1141971	4892.401157058792	0.004705182	2.85
3231.938857932089	2850	48.75468122323655	0.0	1498470	6470.607540044983	0.004705182	2.85
3238.0478014199975	2850	46.64573773532787	0.0	1561263	6108.943487908684	0.004705182	2.85
3243.227877723992	2850	45.46566143133325	0.0	1341201	5180.076303994621	0.004705182	2.85
3248.198759671411	2850	44.49477948391474	0.0	1497683	4970.881947418517	0.004705182	2.85
3253.013827829141	2850	43.67971132618461	0.0	1358081	4815.068157730129	0.004705182	2.85
3258.3616235988366	2850	42.331915556489214	0.0	1587293	5347.795769695397	0.004705182	2.85
3264.290565137827	2850	40.4029740174986	0.0	1492672	5928.941538990615	0.004705182	2.85
3269.551370928033	2850	39.142168227292295	0.0	1439896	5260.805790206308	0.004705182	2.85
3273.6105830715574	2850	39.08295608376801	0.0	1139291	4059.212143524281	0.0059448835	2.85
3278.239758890184	2850	38.45378026514134	0.0	1499009	4629.175818626675	0.0053944383	2.85
3283.988464549678	2850	36.70507460564688	0.0	1427478	5748.705659494455	0.024175635	2.85
3290.129849790262	2850	34.56368936506301	0.0	1402287	6141.385240583862	0.006920373	2.85
3294.963435913056	2850	33.73010324226874	0.0	1339500	4833.586122794277	0.00651956	2.85
3299.8602876438863	2850	32.8332515114386	0.0	1527299	4896.851730830146	0.009299198	2.85
3306.0322449915416	2850	30.661294163783598	0.0	1343002	6171.957347655	0.045223176	2.85
3316.0576154216237	2850	24.63592373370082	0.0	1587250	10025.370430082778	0.0054169167	2.85
3322.2761239367455	2850	22.417415218579563	0.0	1464921	6218.508515121255	0.009300722	2.85
3328.18700339946	2850	20.506535755864867	0.0	1483527	5910.8794627146945	0.004705182	2.85
3332.270075275288	2850	20.423463880036913	0.0	1231456	4083.0718758279545	0.004705182	2.85
3338.3930508845333	2850	18.300488270791654	0.0	1364537	6122.975609245261	0.004705182	2.85

