7107.383797792941	750	4.0	1.5985734190571195	450283	1598.5734190571195	0.28757226	-6.123865701945613
7109.195600263782	750	6.188197529158977	0.0	398865	1811.8024708410228	0.004705182	0.75
7110.930614304065	750	8.453183488875696	0.0	350812	1735.0140402832803	0.004705182	0.75
7112.727049737766	750	10.6567480551748	0.0	382355	1796.4354337008972	0.009445523	0.75
7114.85116401069	750	12.53263378225028	0.0	411561	2124.1142729245203	0.005906376	0.75
7116.281475976439	750	15.102321816501053	0.0	318564	1430.3119657492268	0.006736572	0.75
7117.491704691459	750	17.89209310148141	0.0	352642	1210.2287150196412	0.012321871	0.75
7118.8094453576	750	20.57435243533961	0.0	437162	1317.7406661418033	0.01037492	0.75
7120.232825988881	750	23.150971804058496	0.0	374758	1423.3806312811153	0.69376606	0.75
7121.5352677680985	750	25.848530024841715	0.0	362795	1302.4417792167806	0.46282193	0.75
7122.589759214213	750	28.79403857872704	0.0	353220	1054.4914461146777	0.4809952	0.75
7124.426899855347	1200	30.956897937592597	0.0	594078	1837.140641134443	0.023845715	0.75
7126.774456511821	1200	32.6093412811189	0.0	624282	2347.5566564736923	0.004705182	1.2
7129.437266214709	1200	33.94653157823102	0.0	687371	2662.8097028878906	0.004705182	1.2
7131.494714913557	1200	35.889082879382286	0.0	526950	2057.4486988487242	0.004705182	1.2
7133.797667267016	1200	37.58613052592412	0.0	587876	2302.952353458165	0.004705182	1.2
7135.8637743898535	1200	39.52002340308587	0.0	617242	2066.1071228382534	0.004705182	1.2
7137.900350105309	1200	41.48344768763078	0.0	581493	2036.5757154550895	0.0097515555	1.2
7140.518134200652	1200	42.86566359228772	0.0	639204	2617.7840953430646	0.014794635	1.2
7142.8266214666155	1200	44.55717632632438	0.0	586839	2308.487265963338	0.0140583925	1.2
7145.349742326072	1200	46.03405546686746	0.0	601738	2523.1208594569152	0.022060452	1.2
7148.052263356678	1200	47.33153443626206	0.0	616206	2702.5210306054	0.021408191	1.2
7150.666184303428	1200	48.71761348951199	0.0	656471	2613.92094675007	0.021397268	1.2
7152.836636546925	1200	50.54716124601569	0.0	536667	2170.4522434963033	0.17132762	1.2
7154.633570406342	1200	52.75022738659865	0.0	587236	1796.9338594170438	0.55191153	1.2
7160.261198488689	2850	51.122599304251814	0.0	1480464	5627.6280823468305	0.023553956	1.2000000000000002
7167.253584251868	2850	48.130213541071846	0.0	1547572	6992.385763179967	0.004705182	2.85
7172.002482432652	2850	47.381315360287786	0.0	1141971	4748.898180784057	0.004705182	2.85
7177.496036731926	2850	45.88776106101364	0.0	1498470	5493.554299274145	0.004705182	2.85
7183.80152728543	2850	43.58227050751093	0.0	1561263	6305.490553502711	0.004705182	2.85
7188.114846771139	2850	43.26895102180228	0.0	1341201	4313.319485708649	0.004705182	2.85
7195.378328579785	2850	40.00546921315571	0.0	1497683	7263.481808646558	0.004705182	2.85
7201.130456347019	2850	38.25334144592206	0.0	1358081	5752.127767233657	0.004705182	2.85
7209.826898294786	2850	33.55689949815592	0.0	1587293	8696.441947766138	0.004705182	2.85
7217.098860457033	2850	30.284937335909408	0.0	1492672	7271.962162246515	0.004705182	2.85
7224.0074219223725	2850	27.376375870570016	0.0	1439896	6908.561465339394	0.004705182	2.85
7228.822056405155	2850	26.561741387787666	0.0	1139291	4814.634482782349	0.004705182	2.85
7234.162771350459	2850	25.221026442483936	0.0	1499009	5340.714945303731	0.004705182	2.85
7239.239907756071	2850	24.14389003687111	0.0	1427478	5077.136405612827	0.004705182	2.85
7244.803176193993	2850	22.580621598950053	0.0	1402287	5563.268437921058	0.004705182	2.85
7250.314752306	2850	21.06904548694366	0.0	1339500	5511.576112006392	0.004705182	2.85
7256.756071543923	2850	18.62772624902003	0.0	1527299	6441.3192379236325	0.004705182	2.85
7262.028666364797	2850	17.35513142814656	0.0	1343002	5272.594820873472	0.004705182	2.85
7268.952859633794	2850	14.43093815914934	0.0	1587250	6924.19326899722	0.004705182	2.85
7275.005898091893	2850	12.377899701050374	0.0	1464921	6053.038458098968	0.009065254	2.85
7281.569861319844	2850	9.81393647309903	0.0	1483527	6563.963227951342	0.021151995	2.85
7288.095217441419	2850	7.288580351523254	0.0	1231456	6525.356121575777	0.699134	2.85
7291.9801410062455	1200	7.403656786697431	0.0	550906	3884.9235648258223	0.004772764	-0.44999999999999996

