1076.763710897155	750	4.0	1.4326655545084757	450283	1432.6655545084757	0.16544126	-5.410461884386445
1078.1224153677401	750	6.641295529414785	0.0	398865	1358.7044705852145	0.004705182	0.75
1079.5112626066145	750	9.252448290540524	0.0	350812	1388.8472388742618	0.004705182	0.75
1081.1011676858748	750	11.662543211280328	0.0	382355	1589.9050792601952	0.004705182	0.75
1084.2164265914294	750	12.547284305725706	0.0	411561	3115.2589055546237	0.004743801	0.75
1085.3462334924088	750	15.417477404746148	0.0	318564	1129.8069009795588	0.01309613	0.75
1086.5420140637527	750	18.22169683340219	0.0	352642	1195.7805713439561	0.006872999	0.75
1088.033536417199	750	20.73017447995582	0.0	437162	1491.5223534463682	0.022945352	0.75
1089.2376175229326	750	23.52609337422229	0.0	374758	1204.0811057335316	0.5806876	0.75
1090.9881493014989	1200	25.775561595655887	0.0	560821	1750.531778566403	0.40082496	0.75
1092.979734576305	1200	27.783976320849774	0.0	607410	1991.5852748061109	0.0051900432	1.2
1094.9008650554683	1200	29.862845841686394	0.0	594078	1921.1304791633806	0.004705182	1.2
1097.0690069018092	1200	31.69470399534551	0.0	624282	2168.1418463408845	0.004705182	1.2
1099.3956077760836	1200	33.36810312107112	0.0	687371	2326.600874274387	0.004705182	1.2
1101.4603230428488	1200	35.30338785430589	0.0	526950	2064.7152667652326	0.0053476556	1.2
1104.722509827574	1200	36.04120106958064	0.0	587876	3262.1867847252483	0.004705182	1.2
1107.5311490290544	1200	37.23256186810019	0.0	617242	2808.639201480445	0.004705182	1.2
1109.684080453635	1200	39.079630443519584	0.0	581493	2152.9314245806095	0.004705182	1.2
1112.123580168292	1200	40.64013072886263	0.0	639204	2439.4997146569585	0.004705182	1.2
1114.3270799273578	1200	42.43663096979659	0.0	586839	2203.4997590660323	0.0062372284	1.2
1116.308719515101	1200	44.454991382053464	0.0	601738	1981.6395877431296	0.011664962	1.2
1118.2948783098568	1200	46.46883258729765	0.0	616206	1986.1587947558112	0.07501573	1.2
1120.6620492041611	1200	48.10166169299337	0.0	656471	2367.170894304284	0.5638368	1.2
1122.39444683987	1200	50.36926405728448	0.0	536667	1732.3976357088798	0.7969207	1.2
1128.7870072070561	2850	47.97670369009847	0.0	1383735	6392.560367186016	0.029428318	1.2000000000000002
1133.9044287080658	2850	46.859282189088795	0.0	1480464	5117.421501009675	0.004705182	2.85
1138.7027045918203	2850	46.06100630533429	0.0	1547572	4798.275883754508	0.004705182	2.85
1142.5648923579802	2850	46.198818539174304	0.0	1141971	3862.1877661599874	0.004705182	2.85
1148.7053027151364	2850	44.0584081820181	0.0	1498470	6140.410357156197	0.004705182	2.85
1155.120904164288	2850	41.642806732866475	0.0	1561263	6415.601449151625	0.004705182	2.85
1159.9898990042211	2850	40.773811892933224	0.0	1341201	4868.994839933248	0.004705182	2.85
1164.9550647891022	2850	39.80864610805221	0.0	1497683	4965.165784881021	0.004705182	2.85
1169.5267714887386	2850	39.236939408415644	0.0	1358081	4571.706699636561	0.004705182	2.85
1176.7108268741226	2850	36.052884023031574	0.0	1587293	7184.055385384069	0.004705182	2.85
1181.4072951312257	2850	35.35641576592853	0.0	1492672	4696.468257103042	0.004705182	2.85
1186.0117100569591	2850	34.75200084019517	0.0	1439896	4604.414925733365	0.004705182	2.85
1189.8455333563097	2850	34.91817754084464	0.0	1139291	3833.8232993505253	0.005804978	2.85
1197.1390348625703	2850	31.624676034584116	0.0	1499009	7293.501506260523	0.006862215	2.85
1202.4211321423072	2850	30.342578754847054	0.0	1427478	5282.097279737062	0.004705182	2.85
1206.9604891813399	2850	29.80322171581428	0.0	1402287	4539.357039032774	0.006262799	2.85
1211.4432563159462	2850	29.320454581208043	0.0	1339500	4482.767134606239	0.007406133	2.85
1218.6165314427965	2850	26.14717945435749	0.0	1527299	7173.275126850552	0.013044764	2.85
1222.9691729874737	2850	25.79453790968031	0.0	1343002	4352.64154467718	0.004705182	2.85
1227.8940315373482	2850	24.86967935980572	0.0	1587250	4924.8585498745915	0.015770297	2.85
1232.8271652812864	2850	23.936545615867505	0.0	1464921	4933.133743938215	0.022416325	2.85
1239.5594038452111	2850	21.204307051942923	0.0	1483527	6732.23856392458	0.03759008	2.85
1244.2711707930202	2850	20.49254010413371	0.0	1231456	4711.766947809215	0.005585163	2.85
1249.1952938179888	2850	19.56841707916507	0.0	1364537	4924.123024968641	0.009651071	2.85

