23800.876722547648	750	4.0	2.943433872988283	450283	2943.4338729882834	0.004705182	-11.906765653849618
23802.657653499322	750	6.219069048327484	0.0	398865	1780.930951672515	0.13511309	0.75
23804.42718839127	750	8.449534156378364	0.0	350812	1769.534891949121	0.004705182	0.75
23806.493889924943	750	10.38283262270498	0.0	382355	2066.701533673385	0.046477154	0.75
23808.72690428866	750	12.14981825899194	0.0	411561	2233.014363713041	0.032804362	0.75
23810.426994980302	750	14.44972756734608	0.0	318564	1700.090691645859	0.017388953	0.75
23812.289935936533	750	16.58678661111628	0.0	352642	1862.9409562297988	0.06915769	0.75
23814.33449690484	750	18.542225642807672	0.0	437162	2044.5609683086088	0.12037142	0.75
23816.24551196061	750	20.631210587040293	0.0	374758	1911.015055767381	0.019298809	0.75
23817.87520373355	750	23.001518814098706	0.0	362795	1629.6917729415864	0.012746635	0.75
23819.311296293035	750	25.565426254615247	0.0	353220	1436.0925594834575	0.0060633444	0.75
23821.058289212102	750	27.818433335551642	0.0	405134	1746.9929190636049	0.035715967	0.75
23822.81523973818	750	30.06148280947455	0.0	386351	1756.9505260770923	0.15910111	0.75
23824.73023052315	750	32.14649202450275	0.0	434409	1914.9907849718004	0.31219035	0.75
23826.848790312142	1200	34.027932235512544	0.0	526950	2118.5597889902037	0.6839639	0.75
23829.759840458006	1200	35.116882089647305	0.0	587876	2911.0501458652484	0.005946214	1.2
23832.564402355147	1200	36.31232019250589	0.0	617242	2804.5618971414156	0.00862509	1.2
23834.87564534477	1200	38.00107720288136	0.0	581493	2311.242989624533	0.004705182	1.2
23838.48781684775	1200	38.388905699898906	0.0	639204	3612.171502982456	0.004705182	1.2
23841.961202337956	1200	38.915520209696716	0.0	586839	3473.385490202186	0.004705182	1.2
23845.65363323608	1200	39.22308931156926	0.0	601738	3692.4308981274567	0.004705182	1.2
23850.516543409518	1200	38.36017913812911	0.0	616206	4862.910173440146	0.004705182	1.2
23852.93950331092	1200	39.93721923672549	0.0	656471	2422.9599014036194	0.014854078	1.2
23855.306931974625	1200	41.56979057302417	0.0	536667	2367.4286637013224	0.004705182	1.2
23857.86327482276	1200	43.01344772488652	0.0	587236	2556.3428481376545	0.004705182	1.2
23860.2724303053	1200	44.60429224234921	0.0	590335	2409.1554825372987	0.0059971777	1.2
23863.50139070872	1200	45.37533183892875	0.0	696376	3228.960403420461	0.015767433	1.2
23865.58890599876	1200	47.28781654888767	0.0	487160	2087.515290041082	0.03980216	1.2
23868.4485133454	1200	48.4282092022449	0.0	622896	2859.607346642772	0.059966918	1.2
23871.09346661845	1200	49.78325592919258	0.0	641447	2644.9532730523183	0.18271016	1.2
23876.94431662353	2850	47.93240592411817	0.0	1341201	5850.850005074404	0.11638991	1.2000000000000002
23884.036656920525	2850	44.84006562711945	0.0	1497683	7092.340296998724	0.004705182	2.85
23890.583426458175	2850	42.29329608947101	0.0	1358081	6546.769537648439	0.004705182	2.85
23899.686392576332	2850	37.19032997131337	0.0	1587293	9102.966118157643	0.004705182	2.85
23910.946754328354	2850	29.92996821929155	0.0	1492672	11260.361752021818	0.004705182	2.85
23916.258063444908	1200	28.618659102737762	0.0	598727	5311.309116553787	0.36716637	-0.44999999999999996
23921.903669138308	1200	26.97305340933721	0.0	487812	5645.605693400551	0.004705182	1.2
23927.682551294252	1200	25.194171253392454	0.0	575591	5778.882155944758	0.005241058	1.2
23932.744019942988	1200	24.132702604657553	0.0	605884	5061.468648734903	0.0059637045	1.2
23941.74259600842	1200	19.134126539225175	0.0	587506	8998.576065432379	0.0064903744	1.2
23953.943651303423	1200	10.933071244224852	0.0	566904	12201.055295000322	0.602249	1.2
23956.933473671623	300	11.943248876022482	0.0	161857	2989.8223682023695	0.0747454	-0.6000000000000001
23959.013262851215	300	13.863459696430501	0.0	145210	2079.78917959198	0.13022296	0.3
23962.117674407247	300	14.75904814039929	0.0	172312	3104.4115560312116	0.3136791	0.3
23965.890237463627	300	14.986485084018039	0.0	167025	3772.563056381252	0.08317409	0.3
23968.99094555899	300	15.885776988652745	0.0	160064	3100.7080953652926	0.093273215	0.3
23970.851357196396	300	18.02536535125015	0.0	137507	1860.4116374025934	0.37787998	0.3
23974.253004595612	750	18.623717952034852	0.0	314107	3401.6473992153024	0.6149846	0.3

