19705.676828408075	750	4.0	3.5949223786930258	450283	3594.9223786930256	0.3753361	-14.70816622838001
19708.976434997803	750	4.700393410267405	0.0	398865	3299.6065897325957	0.67595613	0.75
19712.346395297624	750	5.330433110446052	0.0	350812	3369.960299821353	0.59470296	0.75
19713.867077699884	300	7.809750708184413	0.0	155432	1520.6824022616397	0.017247017	-0.15000000000000002
19715.332008937166	300	10.344819470904213	0.0	163442	1464.9312372801999	0.011924507	0.3
19716.252130236782	300	13.424698171288629	0.0	126289	920.1212996155849	0.044459336	0.3
19717.66472560615	300	16.012102801918633	0.0	153295	1412.5953693699937	0.07716499	0.3
19719.26814919113	300	18.40867921694037	0.0	173849	1603.4235849782633	0.01749814	0.3
19720.655348884626	300	21.021479523443556	0.0	150710	1387.1996934968163	0.019045953	0.3
19721.873780869475	300	23.803047538594107	0.0	139105	1218.4319848494504	0.045990773	0.3
19722.91613338792	300	26.760695020151275	0.0	141840	1042.3525184428331	0.068177745	0.3
19724.121334514744	300	29.555493893325718	0.0	156148	1205.2011268255542	0.2739272	0.3
19726.996132572407	750	30.680695835663368	0.0	386351	2874.7980576623486	0.52573806	0.3
19730.566366502495	750	31.110461905580266	0.0	434409	3570.2339300831054	0.023617402	0.75
19733.40459032268	750	32.2722380853947	0.0	337059	2838.2238201855685	0.015125068	0.75
19736.63960865323	750	33.0372197548471	0.0	366214	3235.018330547595	0.0075331777	0.75
19739.410481045586	750	34.26634736249087	0.0	360831	2770.872392356238	0.004705182	0.75
19742.320408818563	750	35.356419589513955	0.0	372963	2909.927772976909	0.004705182	0.75
19745.767996903993	750	35.908831504081284	0.0	405596	3447.5880854326733	0.004705182	0.75
19748.74762086553	750	36.92920754254395	0.0	350713	2979.6239615373365	0.0052470397	0.75
19752.113776230588	750	37.56305217748753	0.0	386472	3366.1553650564188	0.0068440484	0.75
19756.108531392874	750	37.56829701519824	0.0	399894	3994.75516228929	0.007525516	0.75
19759.640460867577	750	38.03636754049716	0.0	401853	3531.9294747010817	0.006557397	0.75
19763.122847568353	750	38.55398083972051	0.0	343800	3482.386700776644	0.016183708	0.75
19767.427404542508	750	38.24942386556373	0.0	359903	4304.556974156778	0.012304395	0.75
19771.599821791075	750	38.07700661699978	0.0	379700	4172.417248563947	0.007936187	0.75
19775.347501465578	750	38.329326942497744	0.0	425781	3747.6796745020374	0.010484447	0.75
19777.76675877804	750	39.91006963003206	0.0	277716	2419.2573124656756	0.084159784	0.75
19781.530086210554	750	40.146742197522045	0.0	400396	3763.3274325100238	0.11820287	0.75
19785.512135517703	750	40.1646928903702	0.0	400508	3982.049307151843	0.1891447	0.75
19789.028150272534	750	40.64867813554039	0.0	358218	3516.0147548298023	0.35288858	0.75
19794.710238123156	1200	38.966590284917196	0.0	620283	5682.0878506232	0.47495547	0.75
19801.9616233576	1200	35.71520505047048	0.0	584349	7251.385234446718	0.05190003	1.2
19809.468420932462	1200	32.208407475610535	0.0	670129	7506.797574859948	0.2922314	1.2
19816.050200270176	1200	29.62662813789485	0.0	690253	6581.77933771568	0.28601614	1.2
19822.61573240284	1200	27.06109600523306	0.0	598727	6565.5321326617905	0.12597376	1.2
19826.297735902677	1200	27.3790925053944	0.0	487812	3682.003499838661	0.20887674	1.2
19831.400835304117	1200	26.275993103952874	0.0	575591	5103.0994014415255	0.03920213	1.2
19837.59294625479	1200	24.08388215328023	0.0	605884	6192.110950672647	0.025790958	1.2
19846.95692669921	1200	18.719901708861112	0.0	587506	9363.980444419118	0.072942205	1.2
19851.82791610096	750	17.8489123071094	0.0	345516	4870.989401751713	0.20495895	0.3
19859.104198340396	750	14.572630067673778	0.0	384505	7276.2822394356235	0.0071061556	0.75
19865.68871237235	750	11.988116035721463	0.0	372093	6584.514031952314	0.013064734	0.75
19870.39207647396	750	11.284751934112537	0.0	438281	4703.364101608927	0.1892483	0.75
19874.166507204518	750	11.510321203554751	0.0	398987	3774.4307305577854	0.039978337	0.75
19878.01102304216	750	11.665805365912755	0.0	393804	3844.5158376419968	0.0054888716	0.75
19881.17413683289	750	12.502691575182315	0.0	331053	3163.113790730441	0.0067028394	0.75
19884.4317595055	750	13.245068902576849	0.0	314107	3257.6226726054656	0.0051312568	0.75

