11802.998513879242	750	4.0	6.3928079957343495	450283	6392.80799573435	0.004705182	-26.7390743816577
11804.06760148898	300	6.93091239026107	0.0	155580	1069.0876097389298	0.004705182	-0.15000000000000002
11805.553376205464	300	9.445137673777062	0.0	139857	1485.7747164840077	0.14962308	0.3
11807.596935561245	300	11.40157831799436	0.0	155432	2043.559355782702	0.004705182	0.3
11809.63244641476	300	13.366067464480084	0.0	163442	2035.5108535142779	0.0065272567	0.3
11810.60375444067	300	16.39475943856815	0.0	126289	971.3080259119344	0.020489162	0.3
11811.65076352563	300	19.347750353610195	0.0	153295	1047.009084957957	0.0152465375	0.3
11813.017539089093	300	21.98097479014698	0.0	173849	1366.7755634632117	0.021484487	0.3
11814.222837253628	300	24.77567662561142	0.0	150710	1205.2981645355596	0.024507847	0.3
11815.315457971055	300	27.683055908184816	0.0	139105	1092.6207174266062	0.19919577	0.3
11816.395886641149	300	30.602627238091486	0.0	141840	1080.4286700933287	0.24865115	0.3
11819.814648626885	750	31.18386525235531	0.0	405134	3418.761985736176	0.51947594	0.3
11823.462902585234	750	31.53561129400554	0.0	386351	3648.253958349768	0.08059595	0.75
11826.603004731782	750	32.39550914745831	0.0	434409	3140.102146547233	0.031202236	0.75
11829.093048922103	750	33.90546495713727	0.0	337059	2490.044190321035	0.006829938	0.75
11831.744810648051	750	35.25370323118839	0.0	366214	2651.761725948885	0.004705182	0.75
11835.308248442554	750	35.69026543668485	0.0	360831	3563.437794503549	0.004705182	0.75
11838.359833660312	750	36.63868021892822	0.0	372963	3051.5852177566194	0.004705182	0.75
11840.830837460066	750	38.167676419175045	0.0	405596	2471.0037997531763	0.0050040223	0.75
11842.599480992187	750	40.399032887053416	0.0	350713	1768.6435321216354	0.037753195	0.75
11845.04672601166	750	41.95178786757997	0.0	386472	2447.2450194734465	0.5671457	0.75
11850.049123788383	750	40.94939009085718	0.0	399894	5002.397776722788	0.5469194	0.75
11854.54257536638	750	40.45593851285998	0.0	401853	4493.451577997201	0.022986604	0.75
11856.914995543153	750	42.083518336085874	0.0	343800	2372.4201767741097	0.03721518	0.75
11860.844637854372	1200	42.153876024866555	0.0	587236	3929.6423112193156	0.43596616	0.75
11864.635283377322	1200	42.363230501918416	0.0	590335	3790.645522948145	0.03176181	1.2
11870.295449666239	1200	40.70306421300136	0.0	696376	5660.166288917057	0.006785526	1.2
11873.754600155835	1200	41.243913723406905	0.0	487160	3459.150489594455	0.009260779	1.2
11878.125324623992	1200	40.87318925524762	0.0	622896	4370.724468159286	0.0058776396	1.2
11881.750410636207	1200	41.24810324303255	0.0	641447	3625.0860122150716	0.005361974	1.2
11885.535771870313	1200	41.462742008926256	0.0	570392	3785.3612341062994	0.004705182	1.2
11888.405855487401	1200	42.59265839183913	0.0	620283	2870.0836170871166	0.004705182	1.2
11891.986460051607	1200	43.01205382763188	0.0	584349	3580.6045642072527	0.011991969	1.2
11899.575960642105	1200	39.42255323713351	0.0	670129	7589.500590498374	0.007569931	1.2
11906.124475539198	1200	36.87403834004117	0.0	690253	6548.514897092345	0.004705182	1.2
11909.55241542537	1200	37.446098453867044	0.0	598727	3427.939886174121	0.004705182	1.2
11913.04635149563	1200	37.952162383609206	0.0	487812	3493.9360702578388	0.004705182	1.2
11917.479746445251	1200	37.518767433987335	0.0	575591	4433.394949621869	0.004705182	1.2
11922.304463104736	1200	36.694050774503225	0.0	605884	4824.716659484109	0.004774903	1.2
11935.771861235338	1200	27.22665264389979	0.0	587506	13467.398130603433	0.005631622	1.2
11942.447993551044	750	24.550520328195077	0.0	345516	6676.132315704712	0.42064512	0.3
11945.996171762821	750	25.002342116417733	0.0	384505	3548.1782117773423	0.042696543	0.75
11949.44350828973	750	25.55500558950703	0.0	372093	3447.336526910706	0.31049395	0.75
11954.434822763387	1200	24.563691115850826	0.0	634861	4991.3144736562035	0.5803856	0.75
11958.967818981664	1200	24.030694897574197	0.0	630203	4532.99621827663	0.0052638827	1.2
11962.568709465173	1200	24.429804414066236	0.0	638661	3600.8904835079625	0.004705182	1.2
11965.167135225265	1200	25.831378653974124	0.0	538612	2598.4257600921123	0.0071949298	1.2
11967.847146564045	1200	27.15136731519348	0.0	550906	2680.0113387806437	0.010365988	1.2

