3341.38694846712	750	4.0	2.993897582587049	450283	2993.897582587049	0.004705182	-12.12375960512431
3343.9107879477456	750	5.4761605193743845	0.0	398865	2523.8394806256156	0.17283745	0.75
3345.3249257966922	750	8.062022670427524	0.0	350812	1414.13784894686	0.0735167	0.75
3346.611878622962	750	10.775069844157693	0.0	382355	1286.9528262698318	0.010389596	0.75
3347.757367723524	750	13.629580743595572	0.0	411561	1145.4891005621203	0.0047534555	0.75
3348.810698298305	750	16.576250168814994	0.0	318564	1053.33057478058	0.33606732	0.75
3349.9765716388333	750	19.41037682828636	0.0	352642	1165.873340528634	0.24471702	0.75
3352.2869986185055	1200	21.099949848614155	0.0	709534	2310.426979672203	0.69602394	0.75
3354.0721135578992	1200	23.31483490922007	0.0	584846	1785.1149393940852	0.013902281	1.2
3355.7229426680274	1200	25.664005799092017	0.0	560821	1650.829110128051	0.0053706295	1.2
3357.3851289138556	1200	28.001819553263456	0.0	607410	1662.1862458285602	0.004705182	1.2
3359.590299043044	1200	29.796649424075156	0.0	594078	2205.1701291883005	0.004705182	1.2
3361.7373420525832	1200	31.64960641453595	0.0	624282	2147.043009539208	0.004705182	1.2
3363.948511813729	1200	33.43843665338989	0.0	687371	2211.1697611460536	0.004705182	1.2
3365.909036236882	1200	35.47791223023673	0.0	526950	1960.5244231531588	0.0067958077	1.2
3368.046315547062	1200	37.34063292005671	0.0	587876	2137.2793101800207	0.005187371	1.2
3370.1343920225663	1200	39.25255644455225	0.0	617242	2088.076475504465	0.006151986	1.2
3372.3086910139614	1200	41.07825745315729	0.0	581493	2174.2989913949564	0.021875665	1.2
3375.0029918048554	1200	42.38395666226329	0.0	639204	2694.3007908940062	0.015352326	1.2
3377.426071409953	1200	43.96087705716579	0.0	586839	2423.0796050974986	0.011240684	1.2
3379.647328298369	1200	45.73962016874975	0.0	601738	2221.2568884160355	0.019645263	1.2
3382.2364477998467	1200	47.150500667272134	0.0	616206	2589.119501477613	0.060286716	1.2
3385.1309338351916	1200	48.2560146319272	0.0	656471	2894.486035344936	0.0371044	1.2
3387.2680144131723	1200	50.11893405394665	0.0	536667	2137.080577980555	0.079375274	1.2
3389.4224673218523	1200	51.96448114526692	0.0	587236	2154.4529086797243	0.42429	1.2
3395.110342877615	2850	50.276605589503674	0.0	1480464	5687.875555763246	0.43969575	1.2000000000000002
3400.850919286856	2850	48.53602918026293	0.0	1547572	5740.576409240746	0.004705182	2.85
3405.7964144509433	2850	47.59053401617534	0.0	1141971	4945.495164087586	0.004705182	2.85
3411.8714975868547	2850	45.515450880264254	0.0	1498470	6075.083135911089	0.004705182	2.85
3418.3132504461414	2850	43.073698020977936	0.0	1561263	6441.752859286314	0.004705182	2.85
3424.2681805205584	2850	41.11876794656085	0.0	1341201	5954.930074417081	0.004705182	2.85
3433.3522808093726	2850	36.034667657746304	0.0	1497683	9084.100288814549	0.004705182	2.85
3440.9102110911012	2850	32.47673737601767	0.0	1358081	7557.930281728642	0.0047123334	2.85
3453.5369794741005	2850	23.849968993018514	0.0	1587293	12626.768382999151	0.004705182	2.85
3456.387056142444	1200	24.99989232467477	0.0	690253	2850.076668343743	0.004705182	-0.44999999999999996
3458.506761605715	1200	26.88018686140424	0.0	598727	2119.7054632705313	0.004705182	1.2
3460.53422895923	1200	28.85271950788931	0.0	487812	2027.4673535149254	0.004744516	1.2
3462.820221958343	1200	30.566726508775954	0.0	575591	2285.992999113359	0.026869606	1.2
3465.1936135202104	1200	32.1933349469082	0.0	605884	2373.391561867753	0.61849356	1.2
3471.1022029667006	2850	30.284745500417813	0.0	1402287	5908.58944649039	0.03713427	1.2000000000000002
3476.6361681436265	2850	28.750780323492496	0.0	1339500	5533.965176925318	0.004705182	2.85
3482.6991580803333	2850	26.68779038678546	0.0	1527299	6062.989936707035	0.004705182	2.85
3488.9759060640126	2850	24.411042403106336	0.0	1343002	6276.747983679122	0.017131472	2.85
3495.6502809372737	2850	21.736667529845267	0.0	1587250	6674.374873261069	0.004705182	2.85
3501.4468500327416	2850	19.940098434377266	0.0	1464921	5796.569095468002	0.004705182	2.85
3506.895147130017	2850	18.49180133710169	0.0	1483527	5448.297097275575	0.004705182	2.85
3511.325745631794	2850	18.061202835324792	0.0	1231456	4430.598501776897	0.0048670443	2.85
3516.198447049673	2850	17.188501417445785	0.0	1364537	4872.701417879006	0.004705182	2.85

