18473.504855848987	750	4.0	2.005422751396268	450283	2005.4227513962683	0.23361793	-7.873317831003952
18475.7388933715	750	5.765962477485412	0.0	398865	2234.037522514588	0.004705182	0.75
18477.841582152323	750	7.663273696664623	0.0	350812	2102.6887808207885	0.0072365236	0.75
18480.05224296083	750	9.452612888153697	0.0	382355	2210.6608085109256	0.14902262	0.75
18482.370698694944	750	11.134157154042203	0.0	411561	2318.4557341114946	0.03228639	0.75
18484.083206591313	750	13.421649257674977	0.0	318564	1712.507896367226	0.018696819	0.75
18486.162168974075	750	15.34268687491009	0.0	352642	2078.9623827648857	0.067389354	0.75
18488.636695716657	750	16.868160132330654	0.0	437162	2474.526742579435	0.20903179	0.75
18490.355845174763	750	19.149010674224325	0.0	374758	1719.1494581063273	0.08499297	0.75
18493.15508025733	750	20.349775591656204	0.0	362795	2799.2350825681206	0.01982211	0.75
18495.420285784672	750	22.08457006431217	0.0	353220	2265.205527344036	0.23277889	0.75
18497.577333900244	750	23.92752194874061	0.0	405134	2157.048115571564	0.05183173	0.75
18499.28306519086	750	26.221790658124554	0.0	386351	1705.731290616053	0.0064092465	0.75
18501.304453157773	750	28.200402691213533	0.0	434409	2021.3879669110195	0.011971851	0.75
18502.827206733982	750	30.677649115002424	0.0	337059	1522.753576211112	0.030568874	0.75
18504.679567605526	750	32.82528824345901	0.0	366214	1852.3608715434068	0.29653707	0.75
18506.180623415115	750	35.32423243386867	0.0	360831	1501.0558095903432	0.34012076	0.75
18508.838937360208	1200	36.66591848877753	0.0	581493	2658.313945091147	0.31392312	0.75
18511.904490343022	1200	37.60036550596427	0.0	639204	3065.5529828132535	0.00539774	1.2
18514.93290818427	1200	38.571947664716205	0.0	586839	3028.417841248065	0.004705182	1.2
18518.361038576746	1200	39.14381727224406	0.0	601738	3428.1303924721506	0.004705182	1.2
18521.963136420047	1200	39.541719428944354	0.0	616206	3602.0978432997003	0.004705182	1.2
18525.96235525608	1200	39.54250059291064	0.0	656471	3999.21883603372	0.004705182	1.2
18529.238479593954	1200	40.266376255035745	0.0	536667	3276.1243378748977	0.004705182	1.2
18532.315484386305	1200	41.189371462682836	0.0	587236	3077.0047923529028	0.004705182	1.2
18536.493603672418	1200	41.01125217656982	0.0	590335	4178.119286113022	0.004705182	1.2
18543.382241106294	1200	38.12261474269566	0.0	696376	6888.6374338741625	0.004705182	1.2
18550.450760500502	1200	35.05409534848954	0.0	487160	7068.519394206121	0.015981013	1.2
18558.243829628653	1200	31.261026220337357	0.0	622896	7793.069128152178	0.3785441	1.2
18561.539989205372	750	31.96486664361786	0.0	400508	3296.1595767194954	0.67143565	0.3
18564.413734191774	750	33.091121657213705	0.0	358218	2873.7449864041596	0.113035016	0.75
18567.89553945052	750	33.60931639846681	0.0	400322	3481.805258746902	0.2613986	0.75
18571.955582388626	750	33.54927346036583	0.0	369834	4060.0429381009776	0.50946194	0.75
18576.91268559419	750	32.592170254801275	0.0	412837	4957.1032055645555	0.16773862	0.75
18580.870699571216	750	32.6341562777775	0.0	401088	3958.013977023781	0.059895195	0.75
18584.218821215436	750	33.28603463355625	0.0	365161	3348.1216442212453	0.18666641	0.75
18587.144223075964	750	34.36063277302741	0.0	321064	2925.4018605288375	0.34828594	0.75
18590.45899708992	750	35.04585875906832	0.0	361565	3314.7740139591015	0.63559854	0.75
18598.12842129717	1200	31.376434551822214	0.0	605884	7669.424207246101	0.6095609	0.75
18609.97934538765	1200	23.525510461342353	0.0	587506	11850.92409047986	0.14876989	1.2
18617.06021674842	750	20.444639100571703	0.0	345516	7080.871360770654	0.034187283	0.3
18620.266756408895	750	21.238099440094157	0.0	384505	3206.5396604775447	0.006386843	0.75
18623.160966324813	750	22.34388952417794	0.0	372093	2894.209915916216	0.054965746	0.75
18626.25066139179	750	23.254194457198995	0.0	438281	3089.695066978945	0.33351347	0.75
18631.275133613428	1200	22.229722235563578	0.0	630203	5024.472221635418	0.27771518	0.75
18636.76337858301	1200	20.741477265980503	0.0	638661	5488.244969583075	0.007036256	1.2
18641.356371462905	1200	20.14848438608748	0.0	538612	4592.992879893023	0.008431476	1.2
18646.22090738137	1200	19.283948467625546	0.0	550906	4864.535918461934	0.020884711	1.2

