21825.302945513024	750	4.0	2.4304790559882594	450283	2430.4790559882595	0.004705182	-9.701059940749515
21828.149708958645	750	5.153236554379288	0.0	398865	2846.763445620712	0.009105762	0.75
21830.421223315843	750	6.88172219718222	0.0	350812	2271.514357197067	0.14375268	0.75
21831.397916631813	300	9.905028881209608	0.0	155432	976.6933159726128	0.64106894	-0.15000000000000002
21833.835701687272	750	11.467243825749422	0.0	411561	2437.785055460184	0.6368116	0.3
21836.103370288292	750	13.199575224728484	0.0	318564	2267.668601020939	0.048195813	0.75
21839.56134381952	750	13.741601693500757	0.0	352642	3457.9735312277267	0.26095286	0.75
21841.125015366535	300	16.177930146485824	0.0	173849	1563.671547014934	0.45491776	-0.15000000000000002
21842.23404689354	300	19.06889861947948	0.0	150710	1109.0315270063427	0.08628121	0.3
21843.272508987797	300	22.030436525223593	0.0	139105	1038.46209425589	0.18113951	0.3
21844.396832179886	300	24.906113333133785	0.0	141840	1124.3231920898056	0.18679784	0.3
21845.533532094592	300	27.76941341842477	0.0	156148	1136.6999147090125	0.2091365	0.3
21847.954897450003	300	29.348048063014392	0.0	160746	2421.365355410378	0.5155313	0.3
21850.812638081312	300	30.490307431706732	0.0	179801	2857.7406313076617	0.119371615	0.3
21852.452369831815	300	32.85057568120195	0.0	140051	1639.7317505047788	0.1368494	0.3
21856.779507297604	300	32.52343821541322	0.0	138313	4327.137465788729	0.5030327	0.3
21860.737574189876	300	32.565371323144404	0.0	143509	3958.0668922688246	0.05716029	0.3
21863.638589616265	300	33.6643558967558	0.0	150616	2901.0154263886047	0.032557055	0.3
21867.383062723606	300	33.919882789412526	0.0	165384	3744.4731073432713	0.1126508	0.3
21875.153413084616	750	30.149532428404513	0.0	350713	7770.350361008017	0.19037952	0.3
21876.833339914727	300	32.46960559829014	0.0	157671	1679.926830114377	0.5052748	-0.15000000000000002
21878.437398329865	300	34.86554718315401	0.0	157812	1604.0584151361334	0.66861534	0.3
21883.371353848022	750	33.931591664998614	0.0	401853	4933.955518155397	0.3782014	0.3
21885.74699821888	750	35.555947294138186	0.0	343800	2375.644370860425	0.0075347335	0.75
21890.652159516398	750	34.65078599662271	0.0	359903	4905.161297515475	0.009081137	0.75
21893.968962374227	750	35.33398313879386	0.0	379700	3316.802857828852	0.004705182	0.75
21895.991730421603	750	37.31121509141639	0.0	425781	2022.7680473774678	0.009831421	0.75
21898.75980873488	1200	38.54313677813562	0.0	487160	2768.0783132807783	0.57169145	0.75
21901.59159939438	1200	39.71134611863797	0.0	622896	2831.790659497645	0.008671791	1.2
21905.265048755886	1200	40.03789675713351	0.0	641447	3673.4493615044607	0.004705182	1.2
21907.44185096681	1200	41.861094546204896	0.0	570392	2176.8022109286117	0.0047920994	1.2
21909.953971233725	1200	43.348974279290495	0.0	620283	2512.120266914402	0.0367156	1.2
21912.303163741464	1200	44.99978177155131	0.0	584349	2349.192507739177	0.14301288	1.2
21916.500455169968	1850	44.80249034304941	0.0	1035329	4197.291428501897	0.4896617	1.2000000000000002
21923.840398256645	2850	41.46254725637421	0.0	1492672	7339.943086675207	0.004705182	1.85
21933.211950701163	2850	36.09099481185651	0.0	1439896	9371.552444517702	0.004705182	2.85
21943.3795142285	2850	29.923431284517328	0.0	1139291	10167.56352733918	0.004973815	2.85
21957.084020506376	2850	20.218925006643286	0.0	1499009	13704.50627787404	0.71349	2.85
21960.558302681507	1200	20.744642831510415	0.0	605884	3474.282175132869	0.004705182	-0.44999999999999996
21964.57001939068	1200	20.73292612233613	0.0	587506	4011.716709174284	0.004705182	1.2
21969.296787022515	1200	20.00615849050092	0.0	566904	4726.767631835212	0.004705182	1.2
21972.480392104735	1200	20.822553408284552	0.0	641452	3183.6050822163656	0.004705182	1.2
21977.40422559648	1200	19.89871991653939	0.0	599477	4923.833491745161	0.004791917	1.2
21982.59856949529	1200	18.704376017728787	0.0	634861	5194.343898810602	0.005528596	1.2
21987.620250182255	1200	17.682695330764684	0.0	630203	5021.680686964106	0.008061809	1.2
21992.27167127503	1200	17.031274237990996	0.0	638661	4651.42109277369	0.018265463	1.2
21995.545471172525	1200	17.75747434049637	0.0	538612	3273.7998974946236	0.005058292	1.2
22000.228592760755	1200	17.074352752266552	0.0	550906	4683.1215882298175	0.004705182	1.2

