18831.744232844936	750	4.0	2.600378850967279	450283	2600.378850967279	0.15636873	-10.431629059159299
18833.698318282637	750	6.045914562300093	0.0	398865	1954.0854376999066	0.021247758	0.75
18835.563185399817	750	8.181047445122672	0.0	350812	1864.86711717742	0.0049150637	0.75
18838.2784380723	750	9.465794772638933	0.0	382355	2715.2526724837385	0.07075615	0.75
18841.337580136093	750	10.406652708842687	0.0	411561	3059.142063796247	0.19856721	0.75
18844.82423838634	750	10.919994458596554	0.0	318564	3486.6582502461342	0.111158945	0.75
18845.88966503225	300	13.854567812686442	0.0	153295	1065.426645910111	0.58979297	-0.15000000000000002
18847.093169006024	300	16.65106383891138	0.0	173849	1203.503973775063	0.13219343	0.3
18848.269897840866	300	19.4743350040698	0.0	150710	1176.728834841581	0.22150813	0.3
18849.51241740711	300	22.231815437825926	0.0	139105	1242.5195662438732	0.20528492	0.3
18851.016877827184	300	24.727355017752576	0.0	141840	1504.4604200733497	0.101564005	0.3
18853.067424752306	300	26.6768080926288	0.0	156148	2050.546925123778	0.044625215	0.3
18854.901581200516	300	28.842651644415486	0.0	160746	1834.1564482133113	0.03549329	0.3
18856.139208578934	300	31.605024265999305	0.0	179801	1237.6273784161829	0.09169651	0.3
18858.669138439982	750	33.0750944049508	0.0	337059	2529.9298610485025	0.60157055	0.3
18861.80142912395	750	33.942803720983	0.0	366214	3132.2906839678017	0.0072141015	0.75
18864.523703530813	750	35.22052931411892	0.0	360831	2722.2744068640873	0.004998188	0.75
18867.280952128516	750	36.46328071641957	0.0	372963	2757.2485976993466	0.004705182	0.75
18872.561190143562	750	35.183042701373104	0.0	405596	5280.238015046466	0.0052465685	0.75
18880.450909747877	750	31.29332309705889	0.0	350713	7889.7196043142085	0.004705182	0.75
18884.70457142892	750	31.039661416013427	0.0	386472	4253.661681045466	0.10971465	0.75
18888.7649003558	750	30.979332489132858	0.0	399894	4060.3289268805684	0.004705182	0.75
18894.233608687788	750	29.510624157145987	0.0	401853	5468.708331986873	0.004705182	0.75
18896.863973917054	750	30.88025892788067	0.0	343800	2630.3652292653173	0.004705182	0.75
18899.225776216706	750	32.51845662822528	0.0	359903	2361.802299655388	0.0051115793	0.75
18901.252326633465	750	34.491906211467224	0.0	379700	2026.5504167580505	0.02690639	0.75
18903.805167761995	750	35.939065082935855	0.0	425781	2552.8411285313714	0.49124712	0.75
18907.62392748329	1200	36.12030536164201	0.0	487160	3818.759721293844	0.6883239	0.75
18912.922553710592	1200	34.82167913434103	0.0	622896	5298.62622730098	0.07062227	1.2
18916.94838577086	1200	34.79584707407585	0.0	641447	4025.8320602651775	0.08283072	1.2
18920.093344252764	1200	35.650888592167654	0.0	570392	3144.958481908197	0.007214894	1.2
18923.808058461662	1200	35.936174383269595	0.0	620283	3714.7142088980586	0.004705182	1.2
18927.619702913868	1200	36.12452993106156	0.0	584349	3811.6444522080337	0.004705182	1.2
18931.727093376205	1200	36.01713946872514	0.0	670129	4107.3904623364215	0.004705182	1.2
18937.14536990146	1200	34.59886294347125	0.0	690253	5418.276525253886	0.004705182	1.2
18940.323286365507	1200	35.420946479424074	0.0	598727	3177.9164640471695	0.004705182	1.2
18943.069705699596	1200	36.67452714533411	0.0	487812	2746.419334089966	0.008524643	1.2
18948.240301303802	1200	35.50393154113179	0.0	575591	5170.595604202313	0.0073992596	1.2
18952.8001232957	1200	34.94410954923423	0.0	605884	4559.821991897562	0.0048505636	1.2
18958.0050285968	1200	33.739204248130974	0.0	587506	5204.905301103253	0.0067415	1.2
18960.891990101485	1200	34.85224274344421	0.0	566904	2886.96150468677	0.0053213625	1.2
18963.66332666022	1200	36.08090618471165	0.0	641452	2771.3365587325575	0.018192504	1.2
18966.856463235552	1200	36.88776960937838	0.0	599477	3193.136575333272	0.6997533	1.2
18969.719287326152	1200	38.02494551877901	0.0	634861	2862.8240905993653	0.7145547	1.2
18975.336234087237	2850	36.40799875769794	0.0	1464921	5616.946761081075	0.02367044	1.2000000000000002
18980.839218484743	2850	34.9050143601879	0.0	1483527	5502.984397510046	0.011506799	2.85
18984.781761866394	2850	34.962470978536075	0.0	1231456	3942.5433816518216	0.12511727	2.85
18989.530701609925	2850	34.21353123500564	0.0	1364537	4748.9397435304345	0.3237894	2.85

