10514.048060896579	750	4.0	2.8275693741498356	450283	2827.5693741498358	0.011150842	-11.408548308844292
10515.899807224248	750	6.1482536723311885	0.0	398865	1851.7463276688115	0.07451084	0.75
10517.600030003183	750	8.448030893397023	0.0	350812	1700.222778934165	0.004705182	0.75
10523.060617084004	750	6.987443812576515	0.0	382355	5460.587080820507	0.029639864	0.75
10525.50775039345	300	8.540310503129732	0.0	163442	2447.1333094467846	0.062421188	-0.15000000000000002
10527.918185697163	300	10.129875199418297	0.0	126289	2410.4353037114342	0.019855393	0.3
10530.70696840565	300	11.341092490931436	0.0	153295	2788.7827084868604	0.0048869364	0.3
10534.224254014447	300	11.823806882132827	0.0	173849	3517.2856087986083	0.004705182	0.3
10536.425919140851	300	13.62214175572854	0.0	150710	2201.665126404287	0.004705182	0.3
10539.013822223087	300	15.034238673491439	0.0	139105	2587.903082237103	0.004705182	0.3
10543.249235802361	300	14.798825094217696	0.0	141840	4235.413579273742	0.004705182	0.3
10548.098720855489	300	13.949340041089625	0.0	156148	4849.485053128073	0.004705182	0.3
10551.995041525905	300	14.053019370675246	0.0	160746	3896.320670414379	0.004705182	0.3
10555.8001447639	300	14.247916132678471	0.0	179801	3805.103237996774	0.004705182	0.3
10558.207758075325	300	15.840302821253996	0.0	140051	2407.613311424475	0.004705182	0.3
10560.768824601719	300	17.279236294859384	0.0	138313	2561.066526394612	0.004705182	0.3
10563.557104377034	300	18.4909565195427	0.0	143509	2788.2797753166874	0.004705182	0.3
10566.663228012158	300	19.384832884420387	0.0	150616	3106.1236351223138	0.004705182	0.3
10570.723098831262	300	19.324962065315862	0.0	165384	4059.870819104524	0.004705182	0.3
10573.939020313275	300	20.109040583302946	0.0	140881	3215.921482012917	0.004705182	0.3
10576.80766562832	300	21.240395268259	0.0	157671	2868.645315043948	0.004705182	0.3
10579.546062042313	300	22.5019988542668	0.0	157812	2738.396413992195	0.004705182	0.3
10582.663452979277	300	23.384607917301423	0.0	163927	3117.3909369653825	0.0051530236	0.3
10585.213685026867	300	24.834375869711597	0.0	137654	2550.232047589828	0.006772109	0.3
10588.563778668014	300	25.484282228564204	0.0	146754	3350.0936411473926	0.012959375	0.3
10593.524643311503	300	24.523417585076537	0.0	153938	4960.864643487667	0.022286864	0.3
10597.444520597073	300	24.603540299504697	0.0	181901	3919.8772855718375	0.0129013145	0.3
10598.516655946325	300	27.531404950253233	0.0	111155	1072.135349251464	0.0444214	0.3
10602.054203942193	750	27.99385695438538	0.0	400396	3537.547995867855	0.63269705	0.3
10605.559935422165	750	28.488125474413252	0.0	400508	3505.731479972123	0.0051256623	0.75
10610.028862535806	750	28.019198360771743	0.0	358218	4468.92711364151	0.0048509124	0.75
10615.580125867236	750	26.467935029342392	0.0	400322	5551.26333142935	0.004705182	0.75
10618.89829819897	750	27.14976269760855	0.0	369834	3318.172331733841	0.004705182	0.75
10621.826789003007	750	28.22127189357143	0.0	412837	2928.4908040371224	0.007039132	0.75
10624.496071483707	750	29.551989412871524	0.0	401088	2669.2824806999056	0.056306284	0.75
10630.182994649154	1200	27.865066247424426	0.0	598727	5686.923165447098	0.6119468	0.75
10639.500437017423	1200	22.54762387915742	0.0	487812	9317.442368267004	0.14007683	1.2
10645.34875911965	750	20.699301776929293	0.0	361565	5848.322102228127	0.041600883	0.3
10649.424643880855	750	20.623417015724385	0.0	378327	4075.884761204908	0.004707923	0.75
10652.95641802826	750	21.09164286832047	0.0	390680	3531.7741474039176	0.0069156126	0.75
10654.71401585113	750	23.33404504544878	0.0	345516	1757.5978228716888	0.038157918	0.75
10658.534462393203	1200	23.513598503375206	0.0	641452	3820.446542073574	0.17574199	0.75
10663.262009334388	1200	22.786051562190057	0.0	599477	4727.54694118515	0.004710069	1.2
10673.911332287973	1200	16.136728608605466	0.0	634861	10649.32295358459	0.0064758477	1.2
10680.818242339365	750	13.22981855721335	0.0	398987	6906.910051392114	0.03101141	0.3
10692.111869321416	750	5.9361915751626	0.0	393804	11293.626982050751	0.028245168	0.75
10695.238640387986	300	6.809420508592756	0.0	137507	3126.771066569844	0.004705182	-0.15000000000000002
10697.728368822098	300	8.319692074481425	0.0	118421	2489.7284341113304	0.004705182	0.3

