8876.977339442838	750	4.0	4.838144007766586	450283	4838.144007766587	0.34053877	-20.05401923339632
8878.568178769045	300	6.409160673793575	0.0	155580	1590.8393262064255	0.017366877	-0.15000000000000002
8879.77153302754	300	9.205806415296815	0.0	139857	1203.3542584967608	0.020789174	0.3
8881.027991379651	300	11.949348063187209	0.0	155432	1256.4583521096054	0.006393773	0.3
8882.351130682897	300	14.626208759941129	0.0	163442	1323.1393032460794	0.06829765	0.3
8883.447847283236	300	17.529492159601176	0.0	126289	1096.7166003399511	0.13461362	0.3
8884.759730552014	300	20.21760889082371	0.0	153295	1311.8832687774704	0.025286894	0.3
8886.112334578434	300	22.86500486440299	0.0	173849	1352.6040264207143	0.026965493	0.3
8887.299087344503	300	25.678252098334305	0.0	150710	1186.7527660686872	0.07784245	0.3
8888.336736007168	300	28.640603435669462	0.0	139105	1037.6486626648446	0.22795458	0.3
8889.48994663448	300	31.487392808358344	0.0	141840	1153.210627311117	0.42865083	0.3
8892.993388942474	750	31.98395050036227	0.0	405134	3503.4423079960766	0.6170191	0.3
8895.61688457373	750	33.36045486910704	0.0	386351	2623.4956312552285	0.05281958	0.75
8898.706615212504	750	34.270724230333784	0.0	434409	3089.730638773252	0.0053549292	0.75
8901.547823999084	750	35.42951544375289	0.0	337059	2841.2087865808935	0.004705182	0.75
8904.174039509939	750	36.80329993289918	0.0	366214	2626.2155108537095	0.004705182	0.75
8906.074665372034	750	38.902674070802775	0.0	360831	1900.6258620964077	0.005063668	0.75
8907.963372105469	750	41.01396733736899	0.0	372963	1888.7067334337867	0.08776876	0.75
8910.951247826804	1200	42.02609161603404	0.0	639204	2987.875721334953	0.52299374	0.75
8913.457453024388	1200	43.5198864184497	0.0	586839	2506.2051975843365	0.007447376	1.2
8915.890718334902	1200	45.086621107935585	0.0	601738	2433.265310514115	0.004705182	1.2
8918.689546748792	1200	46.287792694044064	0.0	616206	2798.8284138915224	0.004705182	1.2
8921.745025001359	1200	47.23231444147942	0.0	656471	3055.478252564649	0.004705182	1.2
8924.49849955293	1200	48.47883988990778	0.0	536667	2753.474551571634	0.007892911	1.2
8926.719068116554	1200	50.2582713262844	0.0	587236	2220.568563623374	0.0072830203	1.2
8928.837641188104	1200	52.13969825473312	0.0	590335	2118.5730715512855	0.10772251	1.2
8934.710150405523	2850	50.26718903731378	0.0	1547572	5872.509217419341	0.6885591	1.2000000000000002
8943.608880144684	2850	45.3684592981527	0.0	1141971	8898.729739161077	0.004705182	2.85
8953.71910643235	2850	39.25823301048575	0.0	1498470	10110.226287666952	0.026300998	2.85
8958.694963294705	1200	38.28237614813135	0.0	641447	4975.856862354402	0.7555019	-0.44999999999999996
8961.777844249456	1200	39.1994951933797	0.0	570392	3082.8809547516476	0.004705182	1.2
8965.126186670459	1200	39.85115277237703	0.0	620283	3348.3424210026737	0.004705182	1.2
8968.235416642296	1200	40.741922800542554	0.0	584349	3109.2299718344752	0.004705182	1.2
8975.492954464344	1200	37.48438497849433	0.0	670129	7257.537822048226	0.009058491	1.2
8978.022639050936	1200	38.95470039190264	0.0	690253	2529.684586591691	0.004705182	1.2
8979.328963088707	1200	41.64837635413242	0.0	598727	1306.3240377702277	0.08703301	1.2
8981.722412096962	2850	43.25492734587641	0.0	1139291	2393.4490082560055	0.004705182	1.2000000000000002
8985.874515176287	4300	43.10282426655191	0.0	2147467	4152.103079324494	0.6913432	2.8499999999999996
8989.930867214185	4300	43.04647222865389	0.0	2133870	4056.352037898027	0.004705182	4.3
8995.751575926965	4300	41.225763515872515	0.0	2146120	5820.708712781371	0.004705182	4.3
8999.750124672111	4300	41.227214770726135	0.0	2108491	3998.548745146385	0.004705182	4.3
9004.503899968156	4300	40.47343947468104	0.0	2184571	4753.7752960450935	0.004705182	4.3
9012.660603987268	4300	36.316735455571035	0.0	2121928	8156.704019110007	0.004705182	4.3
9022.271434931823	4300	30.705904511015472	0.0	2219102	9610.83094455556	0.004705182	4.3
9032.88602111622	4300	24.091318326617795	0.0	2124950	10614.586184397678	0.005460898	4.3
9043.209283923634	4300	17.76805551920367	0.0	2246506	10323.262807414127	0.2503368	4.3
9050.48227955716	2850	14.49505988567747	0.0	1231456	7272.9956335261995	0.27735934	1.4000000000000001
9057.14553453965	2850	11.831804903187104	0.0	1364537	6663.254982490367	0.015545178	2.85

