7997.445656824905	750	4.0	4.722418988271614	450283	4722.418988271614	0.076640874	-19.55640164956794
7998.92126264318	300	6.524394181725228	0.0	155580	1475.6058182747722	0.023715336	-0.15000000000000002
8000.121723387634	300	9.323933437271	0.0	139857	1200.460744454228	0.039909225	0.3
8001.269889260316	300	12.175767564590338	0.0	155432	1148.1658726806618	0.0073769693	0.3
8002.3868835751355	300	15.058773249770114	0.0	163442	1116.9943148202246	0.14505473	0.3
8003.325472334935	300	18.12018448997137	0.0	126289	938.5887597987467	0.3408642	0.3
8004.6038282099125	300	20.841828614993144	0.0	153295	1278.3558749782233	0.0670686	0.3
8006.122148871789	300	23.32350795311607	0.0	173849	1518.320661877076	0.04535975	0.3
8007.301185630456	300	26.14447119445025	0.0	150710	1179.036758665817	0.08226663	0.3
8008.380776906462	300	29.064879918443197	0.0	139105	1079.5912760070573	0.32953954	0.3
8009.586411629184	300	31.859245195721783	0.0	141840	1205.6347227214121	0.45780274	0.3
8010.824041672638	300	34.62161515226846	0.0	156148	1237.630043453323	0.62261856	0.3
8012.102581997317	300	37.34307482758871	0.0	160746	1278.5403246797525	0.48573464	0.3
8015.646268142089	750	37.799388682816534	0.0	434409	3543.6861447721744	0.14613657	0.3
8018.737089870832	750	38.70856695407412	0.0	337059	3090.821728742412	0.004709473	0.75
8022.983966979337	750	38.461689845568976	0.0	366214	4246.877108505146	0.004705182	0.75
8026.780030974565	750	38.665625850340966	0.0	360831	3796.063995228009	0.004705182	0.75
8032.280691689159	750	37.164965135746925	0.0	372963	5500.660714594035	0.004705182	0.75
8039.3045084358255	750	34.14114838908035	0.0	405596	7023.816746666575	0.004705182	0.75
8044.6139428701	750	32.83171395480602	0.0	350713	5309.434434274325	0.0070644584	0.75
8048.252410790099	750	33.1932460348069	0.0	386472	3638.467919999124	0.005522431	0.75
8051.281473066847	750	34.164183758059146	0.0	399894	3029.062276747754	0.004705182	0.75
8054.887952071574	750	34.55770475333225	0.0	401853	3606.4790047268916	0.0052401647	0.75
8060.036239904303	750	33.40941692060261	0.0	343800	5148.287832729644	0.0056461487	0.75
8065.367829281778	750	32.07782754312777	0.0	359903	5331.589377474847	0.004705182	0.75
8069.989258115334	750	31.456398709571097	0.0	379700	4621.428833556667	0.004705182	0.75
8075.311715259636	750	30.133941565270153	0.0	425781	5322.4571443009445	0.004705182	0.75
8078.370249471332	750	31.07540735357395	0.0	277716	3058.5342116962	0.004705182	0.75
8082.810265506765	750	30.635391318141128	0.0	400396	4440.016035432825	0.004705182	0.75
8087.412367691497	750	30.033289133408303	0.0	400508	4602.102184732823	0.004705182	0.75
8093.060654848864	750	28.385001976040883	0.0	358218	5648.287157367422	0.005128671	0.75
8099.702715964787	750	25.742940860118818	0.0	400322	6642.061115922063	0.004705182	0.75
8104.422085535412	750	25.023571289493077	0.0	369834	4719.369570625744	0.004705182	0.75
8110.1138378266705	750	23.331818998235498	0.0	412837	5691.752291257577	0.004705182	0.75
8115.476471633356	750	21.969185191549723	0.0	401088	5362.633806685776	0.004705182	0.75
8120.972942137627	750	20.47271468727891	0.0	365161	5496.470504270816	0.004705182	0.75
8126.841992287872	750	18.603664537033243	0.0	321064	5869.0501502456655	0.004705182	0.75
8134.814603033285	750	14.631053791620625	0.0	361565	7972.6107454126195	0.0058111832	0.75
8143.065811662432	750	10.379845162473655	0.0	378327	8251.20862914697	0.5371111	0.75
8146.4205317675915	300	11.025125057313227	0.0	149991	3354.7201051604284	0.006350648	-0.15000000000000002
8149.939663986361	300	11.5059928385441	0.0	147968	3519.1322187691258	0.004858364	0.3
8153.96928618747	300	11.47637063743479	0.0	161857	4029.6222011093105	0.004705182	0.3
8157.903745552231	300	11.541911272673108	0.0	145210	3934.4593647616844	0.004705182	0.3
8162.669270316394	300	10.77638650851104	0.0	172312	4765.524764162068	0.004705182	0.3
8166.610272956986	300	10.835383867919415	0.0	167025	3941.0026405916246	0.004705182	0.3
8169.4834835941365	300	11.962173230769057	0.0	160064	2873.210637150358	0.004705182	0.3
8171.697603903001	300	13.74805292190448	0.0	137507	2214.1203088645766	0.0062113134	0.3
8173.53596453686	300	15.909692288046372	0.0	118421	1838.3606338581083	0.024955835	0.3

