22172.42224126233	750	4.0	1.384287999087403	450283	1384.287999087403	0.08956278	-5.202438396075833
22173.69646227265	750	6.725778989683334	0.0	398865	1274.2210103166653	0.004705182	0.75
22175.185843412015	750	9.236397850317369	0.0	350812	1489.3811393659653	0.004705182	0.75
22176.627669518195	750	11.794571744137407	0.0	382355	1441.8261061799628	0.004705182	0.75
22178.031503123802	750	14.390738138532942	0.0	411561	1403.8336056044654	0.008985575	0.75
22179.19612362538	750	17.226117636951464	0.0	318564	1164.6205015814764	0.07450713	0.75
22181.062012104052	1200	19.36022915828184	0.0	561791	1865.8884786696262	0.061031703	0.75
22183.302349509468	1200	21.119891752870043	0.0	709534	2240.3374054117967	0.18942393	1.2
22185.455551182615	1200	22.96669007971853	0.0	584846	2153.2016731515123	0.010596521	1.2
22187.073116884323	1200	25.349124378011886	0.0	560821	1617.565701706645	0.014541133	1.2
22189.116545001874	1200	27.305696260459218	0.0	607410	2043.4281175526678	0.004705182	1.2
22190.920677455786	1200	29.501563806550013	0.0	594078	1804.1324539092052	0.004705182	1.2
22193.090621319472	1200	31.331619942864354	0.0	624282	2169.9438636856607	0.004705182	1.2
22195.45113344343	1200	32.971107818907285	0.0	687371	2360.512123957066	0.004705182	1.2
22198.54093347732	1200	33.881307785018755	0.0	526950	3089.80003388853	0.005506337	1.2
22200.63544698549	1200	35.78679427685258	0.0	587876	2094.513508166168	0.004705182	1.2
22202.641335451615	1200	37.780905810724306	0.0	617242	2005.8884661282773	0.004705182	1.2
22205.086614663738	1200	39.33562659859972	0.0	581493	2445.2792121245866	0.008761724	1.2
22209.327222257303	1200	39.09501900503294	0.0	639204	4240.607593566774	0.0051264213	1.2
22215.883457861804	1200	36.5387834005362	0.0	586839	6556.235604496746	0.004705182	1.2
22220.940013273284	1200	35.48222798905558	0.0	601738	5056.555411480619	0.055127677	1.2
22228.23021861936	1200	32.19202264298195	0.0	616206	7290.205346073637	0.09157495	1.2
22232.36864187757	750	32.053599384770976	0.0	401853	4138.423258210971	0.4700975	0.3
22235.77148545763	750	32.650755804712816	0.0	343800	3402.843580058156	0.008660497	0.75
22240.054551355493	750	32.36768990685092	0.0	359903	4283.065897861897	0.0075822296	0.75
22244.04541892393	750	32.37682233840851	0.0	379700	3990.867568442414	0.005096885	0.75
22247.063522141696	750	33.35871912064767	0.0	425781	3018.1032177608395	0.0050837565	0.75
22248.980389675256	750	35.44185158708542	0.0	277716	1916.8675335622524	0.06226364	0.75
22251.99567597649	750	36.426565285851005	0.0	400396	3015.286301234409	0.18447478	0.75
22254.49707413022	750	37.92516713211631	0.0	400508	2501.3981537347013	0.20554383	0.75
22257.818743173735	1200	38.60349808860689	0.0	570392	3321.669043509421	0.42424175	0.75
22261.47287479443	1200	38.94936646791346	0.0	620283	3654.1316206934257	0.004705182	1.2
22265.388921909158	1200	39.0333193531843	0.0	584349	3916.0471147291632	0.004705182	1.2
22270.721572512743	1200	37.7006687495982	0.0	670129	5332.6506035860975	0.004705182	1.2
22275.746534991547	1200	36.675706270792624	0.0	690253	5024.962478805585	0.004705182	1.2
22281.80480572776	1200	34.61743553458355	0.0	598727	6058.270736209074	0.004705182	1.2
22285.345082420277	1200	35.07715884206456	0.0	487812	3540.276692518987	0.0047374917	1.2
22289.58040759436	1200	34.84183366798278	0.0	575591	4235.325174081781	0.004705182	1.2
22293.209646112195	1200	35.212595150146164	0.0	605884	3629.2385178366217	0.004705182	1.2
22296.683633462097	1200	35.73860780024312	0.0	587506	3473.987349903042	0.0076599824	1.2
22299.497821732733	1200	36.924419529607604	0.0	566904	2814.1882706355173	0.019025251	1.2
22303.003129733992	1200	37.41911152835036	0.0	641452	3505.308001257246	0.21147485	1.2
22306.427707601564	1200	37.99453366077483	0.0	599477	3424.5778675755346	0.44705066	1.2
22315.491311994912	2850	32.93092926742835	0.0	1587250	9063.604393346473	0.74886	1.2000000000000002
22323.684405833137	2850	28.737835429204495	0.0	1464921	8193.093838223856	0.004705182	2.85
22334.807389899237	2850	21.61485136310441	0.0	1483527	11122.98406610008	0.004705182	2.85
22338.195023464446	1200	22.227217797894088	0.0	538612	3387.633565210321	0.7021454	-0.44999999999999996
22340.834501055502	1200	23.58774020683883	0.0	550906	2639.4775910552607	0.004705182	1.2

