12848.445884577566	750	4.0	1.6132241480558394	450283	1613.2241480558394	0.009519023	-6.186863836640109
12850.007336379804	750	6.438548197762211	0.0	398865	1561.4518022377888	0.004705182	0.75
12851.704783881007	750	8.741100696558858	0.0	350812	1697.4475012033529	0.004705182	0.75
12853.37697431916	750	11.068910258404797	0.0	382355	1672.1904381540605	0.0072627976	0.75
12855.288367637457	750	13.15751694010805	0.0	411561	1911.3933182967492	0.0050612986	0.75
12856.66858217328	750	15.777302404284576	0.0	318564	1380.2145358234743	0.0052111023	0.75
12858.365626494402	750	18.080258083163127	0.0	352642	1697.0443211214485	0.007878827	0.75
12860.146145664958	750	20.29973891260742	0.0	437162	1780.5191705557106	0.015778068	0.75
12861.362997578803	750	23.082886998763108	0.0	374758	1216.8519138443112	0.01353491	0.75
12862.53612608984	750	25.909758487725288	0.0	362795	1173.128511037818	0.5387492	0.75
12864.355129811138	1200	28.09075476642943	0.0	607410	1819.0037212958612	0.36020726	0.75
12866.226996507205	1200	30.218888070362027	0.0	594078	1871.8666960674034	0.004705182	1.2
12868.382015546078	1200	32.06386903148941	0.0	624282	2155.019038872615	0.004705182	1.2
12871.551204819078	1200	32.894679758489204	0.0	687371	3169.189273000206	0.004705182	1.2
12873.88785924939	1200	34.55802532817841	0.0	526950	2336.6544303107903	0.004705182	1.2
12876.632533394923	1200	35.81335118264357	0.0	587876	2744.6741455348365	0.004705182	1.2
12880.004380129494	1200	36.441504448072536	0.0	617242	3371.846734571033	0.004705182	1.2
12884.883200338632	1200	35.562684238933514	0.0	581493	4878.820209139019	0.004705182	1.2
12889.587777805868	1200	34.85810677169904	0.0	639204	4704.577467234472	0.0710486	1.2
12894.603729380631	1200	33.842155196933746	0.0	586839	5015.951574765294	0.07457578	1.2
12900.381646467358	1200	32.064238110208585	0.0	601738	5777.9170867251605	0.450705	1.2
12903.371170797851	750	33.074713779714735	0.0	399894	2989.5243304938476	0.5377388	0.3
12905.483779780816	750	34.96210479674936	0.0	401853	2112.60898296538	0.024074983	0.75
12907.64254624852	750	36.803338329045246	0.0	343800	2158.76646770411	0.69433576	0.75
12909.587437974404	750	38.85844660316084	0.0	359903	1944.8917258844021	0.5794632	0.75
12912.369308919611	1200	40.07657565795544	0.0	590335	2781.870945205408	0.3283902	0.75
12915.996168724932	1200	40.44971585263451	0.0	696376	3626.8598053209266	0.004705182	1.2
12924.492693841892	1200	35.9531907356749	0.0	487160	8496.525116959612	0.004705182	1.2
12929.560778624344	1200	34.885105953223395	0.0	622896	5068.084782451508	0.4371961	1.2
12934.267835846871	1200	34.17804873069467	0.0	641447	4707.057222528725	0.030669602	1.2
12937.618572523555	1200	34.82731205401182	0.0	570392	3350.7366766828504	0.011866886	1.2
12939.87006735438	1200	36.575817223186405	0.0	620283	2251.4948308254093	0.004705182	1.2
12941.724849108963	1200	38.72103546860497	0.0	584349	1854.7817545814419	0.005586004	1.2
12944.273014625422	1200	40.172869952147025	0.0	670129	2548.1655164579415	0.643252	1.2
12948.943876501395	2850	39.50200807617415	0.0	1492672	4670.861875972876	0.5740264	1.2000000000000002
12952.411285330238	2850	40.03459924733168	0.0	1439896	3467.4088288424687	0.007437896	2.85
12955.631426610378	2850	40.814457967190165	0.0	1139291	3220.141280141516	0.603391	2.85
12961.04544609893	2850	39.40043847863877	0.0	1499009	5414.019488551401	0.5002487	2.85
12968.666838326457	2850	35.77904625111186	0.0	1427478	7621.392227526907	0.25548363	2.85
12978.375587021445	2850	30.070297556124288	0.0	1402287	9708.748694987571	0.0132292835	2.85
12984.654926604566	2850	27.79095797300258	0.0	1339500	6279.33958312171	0.0047585433	2.85
12991.116642111427	2850	25.329242466141128	0.0	1527299	6461.71550686145	0.004705182	2.85
12996.869017212885	2850	23.57686736468248	0.0	1343002	5752.375101458645	0.004705182	2.85
13003.384761045609	2850	21.061123531957445	0.0	1587250	6515.7438327250375	0.004705182	2.85
13008.843409030813	2850	19.602475546752334	0.0	1464921	5458.64798520511	0.004705182	2.85
13014.045315807034	2850	18.400568770532256	0.0	1483527	5201.9067762200775	0.004705182	2.85
13018.198430944607	2850	18.247453632959694	0.0	1231456	4153.115137572564	0.004705182	2.85
13022.086822650963	2850	18.359061926602365	0.0	1364537	3888.3917063573294	0.004705182	2.85

