6059.656620600112	750	4.0	10.535228578788095	450283	10535.228578788096	0.004705182	-44.551482888788804
6061.047467548644	300	6.609153051467327	0.0	155580	1390.8469485326723	0.004705182	-0.15000000000000002
6062.730059486742	300	8.926561113369436	0.0	139857	1682.5919380978908	0.004705182	0.3
6065.009947566107	300	10.646673034004781	0.0	155432	2279.888079364655	0.004705182	0.3
6067.165787490196	300	12.490833109915867	0.0	163442	2155.8399240889144	0.004705182	0.3
6068.7385873876165	300	14.918033212494962	0.0	126289	1572.7998974209063	0.00851134	0.3
6070.823216739292	300	16.833403860820415	0.0	153295	2084.629351674547	0.004705182	0.3
6073.047410418239	300	18.609210181872594	0.0	173849	2224.193678947818	0.004705182	0.3
6074.875320220023	300	20.78130038008848	0.0	150710	1827.9098017841122	0.004705182	0.3
6077.522396775548	300	22.134223824563275	0.0	139105	2647.0765555252055	0.007230911	0.3
6079.86082331376	300	23.795797286351394	0.0	141840	2338.426538211881	0.004705182	0.3
6083.031368316606	300	24.62525228350618	0.0	156148	3170.545002845213	0.0050619487	0.3
6087.13274214626	300	24.52387845385177	0.0	160746	4101.37382965441	0.0047841202	0.3
6091.889488843426	300	23.76713175668622	0.0	179801	4756.7466971655485	0.004705182	0.3
6095.553717360912	300	24.102903239200767	0.0	140051	3664.2285174854514	0.004705182	0.3
6098.087565017171	300	25.569055582941555	0.0	138313	2533.847656259213	0.004705182	0.3
6100.466401966653	300	27.190218633458553	0.0	143509	2378.836949482999	0.004705182	0.3
6103.276426658509	300	28.380193941603046	0.0	150616	2810.024691855506	0.005670697	0.3
6106.472873651372	300	29.183746948741014	0.0	165384	3196.4469928620333	0.008227125	0.3
6108.75952816097	300	30.897092439142764	0.0	140881	2286.654509598246	0.015944723	0.3
6116.299997566349	750	27.356623033764052	0.0	386472	7540.469405378715	0.068138845	0.3
6119.806131173474	300	27.85048942663929	0.0	157812	3506.1336071247624	0.21069646	-0.15000000000000002
6121.9545102171915	300	29.702110382920967	0.0	163927	2148.3790437183197	0.038830362	0.3
6123.567806520039	300	32.08881408007348	0.0	137654	1613.2963028474844	0.18826585	0.3
6127.133815999766	750	32.52280460034683	0.0	359903	3566.009479726651	0.50840473	0.3
6131.995968552271	750	31.660652047842195	0.0	379700	4862.152552504636	0.0056996443	0.75
6140.458759615111	750	27.197860985001807	0.0	425781	8462.791062840388	0.004705182	0.75
6145.042786659545	750	26.613833940568774	0.0	277716	4584.027044433034	0.35987434	0.75
6150.623973384358	750	25.03264721575492	0.0	400396	5581.186724813852	0.01034688	0.75
6154.941922352276	750	24.7146982478359	0.0	400508	4317.948967919018	0.009866126	0.75
6159.2521767396875	750	24.404443860425562	0.0	358218	4310.254387410341	0.004705182	0.75
6168.207786901379	750	19.44883369873394	0.0	400322	8955.610161691624	0.004705182	0.75
6177.484505750848	750	14.172114849264533	0.0	369834	9276.718849469406	0.5788151	0.75
6181.246085763725	300	14.410534836387038	0.0	163444	3761.580012877495	0.08284038	-0.15000000000000002
6185.184298569208	300	14.472322030904577	0.0	179328	3938.212805482461	0.015060593	0.3
6189.789984260337	300	13.86663633977544	0.0	159914	4605.685691129138	0.006365004	0.3
6194.458702503133	300	13.197918096979667	0.0	131610	4668.718242795772	0.004705182	0.3
6197.837851844013	300	13.818768756100873	0.0	124011	3379.149340878794	0.004705182	0.3
6201.185791570101	300	14.470829030012816	0.0	144254	3347.9397260880583	0.004705182	0.3
6204.283997890569	300	15.37262270954503	0.0	149991	3098.2063204677843	0.00580978	0.3
6207.255707704045	300	16.400912896068785	0.0	147968	2971.709813476246	0.007169474	0.3
6209.541706142915	300	18.11491445719813	0.0	161857	2285.9984388706566	0.033229217	0.3
6218.209823297544	750	13.446797302569353	0.0	372093	8668.117154628777	0.41910717	0.3
6222.205419747402	300	13.451200852711837	0.0	172312	3995.596449857516	0.00535449	-0.15000000000000002
6225.548626908457	300	14.107993691657034	0.0	167025	3343.207161054803	0.014332198	0.3
6228.0865110847535	300	15.57010951536107	0.0	160064	2537.8841762959646	0.03333782	0.3
6230.068429159826	300	17.588191440287137	0.0	137507	1981.9180750739333	0.14726625	0.3
6231.856423929602	300	19.80019667051176	0.0	118421	1787.9947697753762	0.5446268	0.3

