13732.262462241331	750	4.0	0.8872836624630916	450283	887.2836624630917	0.016325131	-3.065319748591294
13733.117703709733	750	7.144758531598576	0.0	398865	855.2414684014233	0.03205891	0.75
13733.889353172988	750	10.37310906834445	0.0	350812	771.6494632541267	0.21090601	0.75
13735.211407663732	1200	13.051054577601736	0.0	617681	1322.0544907427134	0.22443391	0.75
13736.752699302226	1200	15.509762939105451	0.0	652874	1541.2916384962837	0.004705182	1.2
13737.91368328917	1200	18.34877895216072	0.0	520315	1160.9839869447278	0.004705182	1.2
13739.102582470005	1200	21.159879771325144	0.0	561791	1188.899180835579	0.004705182	1.2
13740.533634984453	1200	23.72882725687763	0.0	709534	1431.0525144475146	0.004705182	1.2
13741.686836647958	1200	26.575625593371974	0.0	584846	1153.2016635056557	0.11388378	1.2
13744.625635615728	2850	27.636826625600488	0.0	1429765	2938.7989677714872	0.6384657	1.2000000000000002
13747.649126979632	2850	28.613335261696285	0.0	1354548	3023.491363904201	0.004705182	2.85
13750.997566246217	2850	29.264895995112106	0.0	1519951	3348.439266584176	0.004705182	2.85
13754.419325624152	2850	29.84313661717573	0.0	1422919	3421.7593779363783	0.0048143035	2.85
13758.189442043313	2850	30.07302019801759	0.0	1578343	3770.1164191581393	0.004705182	2.85
13761.427167008133	2850	30.83529523319738	0.0	1231445	3237.7249648202073	0.0048511554	2.85
13764.914701912916	2850	31.34776032841316	0.0	1471065	3487.5349047842237	0.004705182	2.85
13768.304097286667	2850	31.958364954660677	0.0	1491626	3389.395373752484	0.004705182	2.85
13783.653070752222	2850	20.60939148910664	0.0	1358801	15348.97346555404	0.004705182	2.85
13785.71006423246	300	22.552398008868497	0.0	165384	2056.9934802381395	0.5483419	-2.25
13790.134218305462	750	22.128243935865807	0.0	350713	4424.15407300269	0.5741658	0.3
13791.715869284442	750	24.54659295688662	0.0	386472	1581.6509789791887	0.035394188	0.75
13793.460055906005	1200	26.802406335323962	0.0	616206	1744.1866215626585	0.2979852	0.75
13795.214250672188	1200	29.048211569141632	0.0	656471	1754.1947661823294	0.004705182	1.2
13796.746131959524	1200	31.516330281805796	0.0	536667	1531.8812873358352	0.020841442	1.2
13798.521924448723	1200	33.740537792606936	0.0	587236	1775.7924891988634	0.07400144	1.2
13800.45130061922	1200	35.811161622111726	0.0	590335	1929.376170495203	0.2510354	1.2
13802.77055388437	1200	37.49190835696131	0.0	696376	2319.2532651504134	0.79717517	1.2
13805.67671960035	2850	38.585742640979554	0.0	1141971	2906.1657159817596	0.06868228	1.2000000000000002
13810.225381441785	2850	38.03708079954426	0.0	1498470	4548.661841435288	0.1944256	2.85
13818.204186689069	2850	34.05827555225987	0.0	1561263	7978.805247284395	0.04869462	2.85
13823.01696020645	2850	33.24550203487922	0.0	1341201	4812.773517380649	0.004705182	2.85
13827.518146769657	2850	32.74431547167467	0.0	1497683	4501.18656320456	0.004705182	2.85
13832.935087446052	2850	31.327374795278732	0.0	1358081	5416.940676395933	0.0052465666	2.85
13837.721862490136	2850	30.540599751195668	0.0	1587293	4786.775044083065	0.004705182	2.85
13843.341357452087	2850	28.921104789244904	0.0	1492672	5619.494961950763	0.004705182	2.85
13846.724491689225	2850	29.537970552106746	0.0	1439896	3383.1342371381565	0.004705182	2.85
13849.315090994032	2850	30.947371247299934	0.0	1139291	2590.5993048068117	0.029397964	2.85
13854.078816286778	4300	30.18364595455403	0.0	2147467	4763.725292745901	0.056469128	2.8499999999999996
13858.977309141283	4300	29.28515310005005	0.0	2133870	4898.492854503981	0.005785057	4.3
13864.008122676152	4300	28.254339565179322	0.0	2146120	5030.813534870729	0.004705182	4.3
13868.762847416536	4300	27.499614824796563	0.0	2108491	4754.724740382762	0.004705182	4.3
13873.55432039661	4300	26.708141844722064	0.0	2184571	4791.472980074499	0.004705182	4.3
13878.23786808675	4300	26.02459415458238	0.0	2121928	4683.547690139685	0.004705182	4.3
13883.147492876442	4300	25.114969364890644	0.0	2219102	4909.624789691738	0.004705182	4.3
13889.782762301931	4300	22.47969993940252	0.0	2124950	6635.2694254881235	0.004705182	4.3
13894.351319084475	4300	21.911143156858664	0.0	2246506	4568.5567825438575	0.004725101	4.3
13898.36292057469	4300	21.899541666643334	0.0	1961140	4011.601490215329	0.004705182	4.3
13902.717186151258	4300	21.545276090073777	0.0	2155012	4354.265576569557	0.004705182	4.3

