6931.0801275105105	750	4.0	1.7041197936685797	450283	1704.1197936685796	0.12158672	-6.577715112774892
6932.920635554258	750	6.159491956252071	0.0	398865	1840.5080437479282	0.004705182	0.75
6934.47645829486	750	8.60366921565108	0.0	350812	1555.8227406009928	0.004705182	0.75
6936.40039635034	750	10.67973116017162	0.0	382355	1923.938055479459	0.0060662683	0.75
6938.48053080481	750	12.599596705701524	0.0	411561	2080.134454470097	0.007500987	0.75
6939.917080578937	750	15.1630469315743	0.0	318564	1436.5497741272243	0.006802597	0.75
6941.283970050962	750	17.79615745955016	0.0	352642	1366.889472024138	0.012434611	0.75
6943.07243783555	750	20.00768967496226	0.0	437162	1788.4677845878953	0.0077354927	0.75
6944.623953792317	750	22.45617371819554	0.0	374758	1551.5159567667197	0.011514982	0.75
6946.209494971454	750	24.87063253905822	0.0	362795	1585.5411791373185	0.027030217	0.75
6947.885993249621	750	27.194134260892135	0.0	353220	1676.4982781660888	0.061115697	0.75
6949.83451809374	750	29.24560941677213	0.0	405134	1948.524844120002	0.062953345	0.75
6951.565359065437	750	31.514768445074584	0.0	386351	1730.8409716975482	0.14888678	0.75
6953.1215949849175	750	33.95853252559442	0.0	434409	1556.2359194801625	0.5979728	0.75
6955.41762774066	1200	35.662499769852815	0.0	526950	2296.0327557416035	0.06032342	0.75
6959.175832846019	1200	35.904294664492745	0.0	587876	3758.205105360078	0.0051061315	1.2
6962.042730118009	1200	37.03739739250299	0.0	617242	2866.897271989754	0.031598967	1.2
6964.333767332731	1200	38.74636017778007	0.0	581493	2291.037214722913	0.0052071703	1.2
6967.638627922943	1200	39.441499587569176	0.0	639204	3304.8605902108993	0.004705182	1.2
6968.65571240488	1200	42.42441510563182	0.0	586839	1017.084481937349	0.004705182	1.2
6972.914969365398	2850	42.165158145113914	0.0	1415116	4259.256960517909	0.11476091	1.2000000000000002
6977.7629241416835	2850	41.317203368829034	0.0	1468126	4847.954776284879	0.004705182	2.85
6984.6857622905245	2850	38.39436521998805	0.0	1505760	6922.838148840978	0.004705182	2.85
6989.260502396617	2850	37.819625113894894	0.0	1323990	4574.740106093161	0.004705182	2.85
6994.173392472906	2850	36.90673503760631	0.0	1383735	4912.890076288583	0.004705182	2.85
7000.637652671498	2850	34.44247483901537	0.0	1480464	6464.260198590946	0.004705182	2.85
7005.639992361045	2850	33.44013514946685	0.0	1547572	5002.339689548524	0.004705182	2.85
7009.20394271735	2850	33.87618479316236	0.0	1141971	3563.950356304492	0.004705182	2.85
7015.666749805344	2850	31.413377705168088	0.0	1498470	6462.807087994266	0.004705182	2.85
7025.089933056874	2850	25.99019445363931	0.0	1561263	9423.183251528775	0.004705182	2.85
7035.468430508875	2850	19.611697001637555	0.0	1341201	10378.497452001759	0.58782905	2.85
7041.448255109626	1200	17.631872400887076	0.0	620283	5979.824600750478	0.004705182	-0.44999999999999996
7045.490189642974	1200	17.58993786753857	0.0	584349	4041.934533348506	0.09811994	1.2
7049.328542293728	1200	17.7515852167846	0.0	670129	3838.352650753967	0.060762465	1.2
7052.737707010072	1200	18.342420500441154	0.0	690253	3409.164716343449	0.0073980344	1.2
7055.700829931913	1200	19.37929757859955	0.0	598727	2963.1229218416	0.004705182	1.2
7060.025235368353	1200	19.054892142160202	0.0	487812	4324.405436439348	0.004705182	1.2
7068.311940072552	1200	14.768187437961222	0.0	575591	8286.70470419898	0.08639019	1.2
7071.213243728326	750	15.866883782186349	0.0	378327	2901.3036557748724	0.011301643	0.3
7074.074191838059	750	17.005935672453983	0.0	390680	2860.948109732365	0.06073054	0.75
7076.6862957378835	750	18.393831772629827	0.0	345516	2612.103899824157	0.18043566	0.75
7078.880095834816	750	20.200031675696664	0.0	384505	2193.800096933164	0.33993185	0.75
7081.111091048683	1200	21.969036461829283	0.0	599477	2230.9952138673784	0.12823334	0.75
7083.120823595305	1200	23.959303915207663	0.0	634861	2009.7325466216223	0.06118494	1.2
7088.2690680650985	2850	22.81105944541421	0.0	1464921	5148.244469793456	0.08423924	1.2000000000000002
7092.262858557901	2850	22.817268952611474	0.0	1483527	3993.7904928027356	0.019289695	2.85
7097.424227619362	4300	21.65589989115097	0.0	1961140	5161.369061460505	0.41994062	2.8499999999999996
7105.7852243738835	4300	17.29490313662944	0.0	2155012	8360.99675452153	0.004748749	4.3

