12671.844194622734	750	4.0	6.08032816050688	450283	6080.3281605068805	0.004705182	-25.395411090179586
12674.199146123134	300	5.645048499601703	0.0	155580	2354.951500398297	0.004705182	-0.15000000000000002
12676.47222493678	300	7.371969685954002	0.0	139857	2273.078813647701	0.004705182	0.3
12679.031663731625	300	8.81253089110955	0.0	155432	2559.4387948444523	0.004705182	0.3
12681.993366504996	300	9.85082811774056	0.0	163442	2961.702773368989	0.004705182	0.3
12684.029317474642	300	11.814877148093101	0.0	126289	2035.95096964746	0.004705182	0.3
12687.166563917579	300	12.677630705156039	0.0	153295	3137.2464429370616	0.004705182	0.3
12689.850031756076	300	13.994162866660107	0.0	173849	2683.4678384959343	0.004705182	0.3
12691.655903778996	300	16.188290843738397	0.0	150710	1805.8720229217085	0.004705182	0.3
12693.197798331677	300	18.646396291056924	0.0	139105	1541.894552681473	0.004705182	0.3
12694.654150385426	300	21.190044237308346	0.0	141840	1456.3520537485779	0.004705182	0.3
12696.181534176207	300	23.66266044652786	0.0	156148	1527.3837907804875	0.0060996776	0.3
12697.74011825157	300	26.104076371164727	0.0	160746	1558.58407536313	0.0118362205	0.3
12699.2623702502	300	28.58182437253266	0.0	179801	1522.2519986320674	0.021530876	0.3
12700.495624960251	300	31.348569662481943	0.0	140051	1233.254710050719	0.1464168	0.3
12701.738965430817	300	34.10522919191621	0.0	138313	1243.340470565731	0.5031444	0.3
12702.994278253345	300	36.84991636938744	0.0	143509	1255.3128225287712	0.634361	0.3
12706.209242579338	750	37.63495204339429	0.0	372963	3214.9643259931427	0.17573456	0.3
12710.4126946449	750	37.431499977832054	0.0	405596	4203.452065562238	0.004705182	0.75
12713.73250999103	750	38.11168463170132	0.0	350713	3319.815346130732	0.004705182	0.75
12719.139994769961	750	36.70419985277213	0.0	386472	5407.484778929197	0.004705182	0.75
12725.86615172779	750	33.97804289494329	0.0	399894	6726.156957828842	0.004705182	0.75
12731.304192783127	750	32.54000183960641	0.0	401853	5438.041055336878	0.0050811428	0.75
12737.854455105064	750	29.989739517668852	0.0	343800	6550.262321937559	0.004705182	0.75
12742.002466315416	750	29.841728307317574	0.0	359903	4148.0112103512765	0.0051219347	0.75
12748.862342226115	750	26.981852396617498	0.0	379700	6859.875910700076	0.004705182	0.75
12755.25432930362	750	24.589865319113024	0.0	425781	6391.987077504473	0.0063659283	0.75
12758.947881158692	750	24.89631346404035	0.0	277716	3693.551855072674	0.0056192884	0.75
12762.974771661904	750	24.8694229608295	0.0	400396	4026.8905032108514	0.004705182	0.75
12766.919976318697	750	24.92421830403749	0.0	400508	3945.204656792012	0.004705182	0.75
12772.332406624355	750	23.511787998380143	0.0	358218	5412.4303056573435	0.004705182	0.75
12781.391880746882	750	18.45231387585177	0.0	400322	9059.474122528372	0.0047411937	0.75
12784.053432872108	300	19.790761750627688	0.0	143881	2661.5521252240833	0.67456234	-0.15000000000000002
12787.201097020436	300	20.643097602299385	0.0	163444	3147.664148328302	0.59132797	0.3
12791.085362143089	300	20.758832479648213	0.0	179328	3884.2651226511734	0.25165203	0.3
12794.930732557239	300	20.91346206549798	0.0	159914	3845.3704141502326	0.16990751	0.3
12798.162035414383	300	21.68215920835435	0.0	131610	3231.3028571436303	0.12928255	0.3
12800.50129230069	300	23.342902322047646	0.0	124011	2339.2568863067045	0.26190147	0.3
12803.137629766245	300	24.706564856493102	0.0	144254	2636.337465554543	0.6228543	0.3
12810.449140456616	750	21.39505416612047	0.0	390680	7311.5106903726355	0.6961323	0.3
12816.700497015021	750	19.143697607716298	0.0	345516	6251.356558404171	0.33908656	0.75
12821.955881173126	750	17.888313449611328	0.0	384505	5255.38415810497	0.077045694	0.75
12827.832038864097	750	16.012155758641924	0.0	372093	5876.157690969403	0.015511117	0.75
12835.598055589277	750	12.24613903346215	0.0	438281	7766.016725179775	0.026864232	0.75
12838.479515081768	300	13.364679540970354	0.0	167025	2881.459492491797	0.33699915	-0.15000000000000002
12840.43072346939	300	15.413471153349624	0.0	160064	1951.2083876207296	0.18001297	0.3
12843.856070863352	750	15.988123759386104	0.0	331053	3425.3473939635205	0.5158784	0.3
12846.83266042951	750	17.01153419322815	0.0	314107	2976.5895661579507	0.0055226963	0.75

