23252.134455229443	750	4.0	2.5585548523374078	450283	2558.5548523374077	0.0065181814	-10.251785865050852
23254.86952149426	750	5.264933735184073	0.0	398865	2735.066264815927	0.016828755	0.75
23257.1908344462	750	6.943620783241986	0.0	350812	2321.3129519420877	0.105006225	0.75
23258.309586744774	300	9.824868484665874	0.0	155432	1118.7522985761118	0.67915463	-0.15000000000000002
23259.58533587701	300	12.549119352426128	0.0	163442	1275.7491322397461	0.34093502	0.3
23260.443964765727	300	15.690490463711917	0.0	126289	858.6288887142114	0.5118899	0.3
23261.342030205604	300	18.792425023835662	0.0	153295	898.0654398762579	0.3925474	0.3
23262.18623934068	300	21.94821588875725	0.0	173849	844.2091350784096	0.37753195	0.3
23262.890916352888	300	25.243538876552815	0.0	150710	704.6770122044346	0.69598204	0.3
23265.193119291613	750	26.941335937829486	0.0	362795	2302.2029387233324	0.5336864	0.3
23267.285716386217	750	28.848738843221028	0.0	353220	2092.5970946084553	0.038458135	0.75
23269.99094878704	750	30.14350644240174	0.0	405134	2705.232400819288	0.0062354007	0.75
23272.307270764402	750	31.827184465034943	0.0	386351	2316.321977366799	0.0053001596	0.75
23274.706884887866	750	33.42757034157108	0.0	434409	2399.6141234638662	0.006081383	0.75
23276.64923298384	750	35.485222245598166	0.0	337059	1942.3480959729063	0.021371882	0.75
23278.799321478913	750	37.33513375052171	0.0	366214	2150.088495076449	0.046970017	0.75
23281.37742105467	750	38.757034174768734	0.0	360831	2578.0995757529813	0.08574312	0.75
23284.260125134726	750	39.87433009471065	0.0	372963	2882.704080058086	0.05459878	0.75
23288.81960537215	750	39.31484985728719	0.0	405596	4559.480237423459	0.04669877	0.75
23291.499809742276	750	40.63464548716073	0.0	350713	2680.204370126456	0.006986384	0.75
23294.270140652116	750	41.86431457731973	0.0	386472	2770.330909841006	0.045861527	0.75
23298.442773101717	750	41.691682127720576	0.0	399894	4172.632449599158	0.16299933	0.75
23305.562375083577	750	38.57208014586085	0.0	401853	7119.60198185972	0.02999562	0.75
23310.36508037491	750	37.76937485452814	0.0	343800	4802.705291332712	0.004705182	0.75
23313.928801808586	750	38.20565342085634	0.0	359903	3563.721433671792	0.004705182	0.75
23317.171000565337	750	38.963454664106976	0.0	379700	3242.1987567493697	0.008480374	0.75
23322.04606102634	750	38.088394203103796	0.0	425781	4875.060461003181	0.019694163	0.75
23324.90298898119	750	39.23146624825232	0.0	277716	2856.927954851474	0.025112936	0.75
23328.192921583697	750	39.94153364574785	0.0	400396	3289.9326025044684	0.038308877	0.75
23334.62346641781	1200	37.51098881163598	0.0	641447	6430.544834111872	0.32067093	0.75
23340.47215587258	1200	35.66229935686603	0.0	570392	5848.68945476995	0.4135168	1.2
23347.69426396418	1200	32.44019126526703	0.0	620283	7222.108091598998	0.33393836	1.2
23352.578123328436	1200	31.556331901012516	0.0	584349	4883.8593642545175	0.5214673	1.2
23360.08430268	1200	28.0501525494494	0.0	670129	7506.179351563114	0.1130532	1.2
23363.73899734518	750	28.395457884270108	0.0	401088	3654.6946651792928	0.5087305	0.3
23367.760287753088	750	28.374167476362807	0.0	365161	4021.2904079073014	0.19027567	0.75
23374.53564497101	1200	25.598810258441322	0.0	487812	6775.357217921488	0.23551509	0.75
23379.394053674736	1200	24.74040155471396	0.0	575591	4858.408703727365	0.69197035	1.2
23383.49743945732	1200	24.637015772130272	0.0	605884	4103.385782583686	0.1174717	1.2
23387.75397455519	1200	24.380480674258592	0.0	587506	4256.535097871676	0.017341029	1.2
23391.938859737933	1200	24.195595491515633	0.0	566904	4184.88518274296	0.01122226	1.2
23396.548145936616	1200	23.58630929283368	0.0	641452	4609.286198681956	0.009567842	1.2
23402.211585355573	1200	21.922869873878124	0.0	599477	5663.439418955553	0.0047262795	1.2
23407.226369904034	1200	20.908085325415954	0.0	634861	5014.784548462171	0.011599497	1.2
23412.640469152877	1200	19.493986076574636	0.0	630203	5414.099248841319	0.006854512	1.2
23419.022723311857	1200	17.111731917591943	0.0	638661	6382.25415898269	0.008570663	1.2
23425.95011662588	1200	14.184338603564392	0.0	538612	6927.39331402755	0.029899267	1.2
23428.938530590567	750	15.19592463887783	0.0	314107	2988.413964686563	0.57248056	0.3

