6236.573815224342	750	4.0	4.717391294739914	450283	4717.391294739914	0.6436142	-19.53478256738163
6238.028745360871	300	6.545069863471299	0.0	155580	1454.9301365287008	0.024053719	-0.15000000000000002
6239.279627276979	300	9.294187947363007	0.0	139857	1250.881916108293	0.044808194	0.3
6240.776152215649	300	11.797663008694082	0.0	155432	1496.524938668925	0.0064733396	0.3
6242.6701472994	300	13.903667924942715	0.0	163442	1893.9950837513672	0.03274458	0.3
6244.006132574401	300	16.56768264994145	0.0	126289	1335.9852750012644	0.03790886	0.3
6245.729277260153	300	18.844537964188603	0.0	153295	1723.1446857528465	0.008932044	0.3
6247.992639949268	300	20.581175275074614	0.0	173849	2263.3626891139893	0.007923785	0.3
6250.004989901379	300	22.56882532296255	0.0	150710	2012.3499521120632	0.007230388	0.3
6251.815687998908	300	24.758127225433896	0.0	139105	1810.6980975286533	0.013304142	0.3
6253.570720875211	300	27.003094349131096	0.0	141840	1755.032876302796	0.013288244	0.3
6255.148400110896	300	29.42541511344605	0.0	156148	1577.6792356850463	0.014664112	0.3
6256.634646727905	300	31.93916849643605	0.0	160746	1486.2466170100017	0.040026873	0.3
6258.239137029699	300	34.33467819464281	0.0	179801	1604.4903017932422	0.25461307	0.3
6259.679422141158	300	36.89439308318388	0.0	140051	1440.285111458925	0.6490549	0.3
6263.166336364851	750	37.40747885949038	0.0	366214	3486.914223693503	0.64840204	0.3
6266.494799598858	750	38.07901562548422	0.0	360831	3328.463234006169	0.0050447704	0.75
6270.255122340933	750	38.31869288340984	0.0	372963	3760.3227420743806	0.004705182	0.75
6274.601676785103	750	37.972138439239615	0.0	405596	4346.554444170226	0.004705182	0.75
6278.315601504336	750	38.25821372000643	0.0	350713	3713.924719233181	0.004705182	0.75
6282.376824092677	750	38.196991131665065	0.0	386472	4061.222588341362	0.004705182	0.75
6287.373260035202	750	37.200555189141255	0.0	399894	4996.435942523815	0.004705182	0.75
6295.184241570833	750	33.38957365350977	0.0	401853	7810.981535631487	0.004705182	0.75
6300.760570891466	750	31.813244332877144	0.0	343800	5576.329320632623	0.004705182	0.75
6305.841563351796	750	30.732251872547124	0.0	359903	5080.99246033002	0.004705182	0.75
6309.905757338243	750	30.668057886099145	0.0	379700	4064.193986447978	0.004705182	0.75
6313.482020244267	750	31.091794980075846	0.0	425781	3576.2629060232975	0.004705182	0.75
6315.923855265062	750	32.64995995927993	0.0	277716	2441.835020795914	0.007771031	0.75
6319.462229786746	750	33.11158543759616	0.0	400396	3538.3745216837715	0.009273517	0.75
6324.358691903902	750	32.21512332044097	0.0	400508	4896.4621171551935	0.020718485	0.75
6327.753758177865	750	32.820057046476705	0.0	358218	3395.066273964267	0.0063101756	0.75
6331.062200523869	750	33.511614700472826	0.0	400322	3308.442346003883	0.025543297	0.75
6334.883968336063	750	33.68984688827972	0.0	369834	3821.767812193112	0.12300449	0.75
6339.798728653449	750	32.77508657089366	0.0	412837	4914.760317386059	0.07852623	0.75
6342.973864580664	750	33.59995064367817	0.0	401088	3175.135927215491	0.056661725	0.75
6346.063193374708	750	34.51062184963362	0.0	365161	3089.3287940445484	0.6508604	0.75
6349.29093562832	750	35.28287959602139	0.0	321064	3227.7422536122326	0.6803503	0.75
6354.903121147211	1200	33.67069407713046	0.0	575591	5612.1855188909285	0.6022005	0.75
6360.067697364763	1200	32.5061178595782	0.0	605884	5164.576217552265	0.021209579	1.2
6365.659301731346	1200	30.914513492995063	0.0	587506	5591.6043665831385	0.0066528325	1.2
6372.078317337551	1200	28.495497886789906	0.0	566904	6419.015606205157	0.009681725	1.2
6381.387393781024	1200	23.186421443317034	0.0	641452	9309.076443472872	0.036390163	1.2
6386.482701717328	1200	22.091113507013212	0.0	599477	5095.307936303823	0.3879403	1.2
6391.955404301274	1200	20.61841092306748	0.0	634861	5472.702583945729	0.038656246	1.2
6398.284733325198	1200	18.289081899142577	0.0	630203	6329.3290239249045	0.017144809	1.2
6403.924771933274	1200	16.64904329106609	0.0	638661	5640.038608076486	0.04534381	1.2
6408.823279794467	1200	15.750535429872805	0.0	538612	4898.507861193284	0.022426274	1.2
6414.186343111485	1200	14.387472112855367	0.0	550906	5363.063317017439	0.07887514	1.2

