20768.76905664231	750	4.0	1.1823497891980714	450283	1182.3497891980714	0.0065223267	-4.334104093551707
20769.732897420487	750	7.036159221826023	0.0	398865	963.8407781739772	0.004705182	0.75
20770.747017067544	750	10.02203957476906	0.0	350812	1014.1196470569622	0.020992266	0.75
20771.84075184028	750	12.928304802034292	0.0	382355	1093.7347727347678	0.13084167	0.75
20773.402190076267	1200	15.36686656604626	0.0	652874	1561.4382359880303	0.5312794	0.75
20774.624580621898	1200	18.144476020412352	0.0	520315	1222.3905456339098	0.0052895406	1.2
20775.104305124314	300	21.66475151799645	0.0	153295	479.7245024159013	0.004705182	-0.6000000000000001
20776.739952473505	1200	24.02910416880315	0.0	709534	1635.6473491933	0.42639682	0.29999999999999993
20778.290700000056	1200	26.478356642254035	0.0	584846	1550.7475265491144	0.004773142	1.2
20779.61682700968	1200	29.15222963263093	0.0	560821	1326.1270096231044	0.0055531496	1.2
20781.37621430644	1200	31.392842335867094	0.0	607410	1759.3872967638342	0.017133983	1.2
20783.08670242697	1200	33.68235421533874	0.0	594078	1710.488120528359	0.014152213	1.2
20784.577344202655	1200	36.19171243965101	0.0	624282	1490.6417756877263	0.048300073	1.2
20788.55460946465	2850	36.214447177658364	0.0	1578343	3977.265261992649	0.75301033	1.2000000000000002
20791.557285122864	2850	37.21177151944488	0.0	1231445	3002.6756582134835	0.004705182	2.85
20796.440198923727	2850	36.328857718582384	0.0	1471065	4882.9138008625	0.004705182	2.85
20800.329586565796	2850	36.43947007651251	0.0	1491626	3889.387642069871	0.004705182	2.85
20803.7941806045	2850	36.974876037809814	0.0	1358801	3464.594038702693	0.004705182	2.85
20808.082276270103	2850	36.68678037220696	0.0	1537156	4288.0956656028575	0.004705182	2.85
20811.743818664538	2850	37.02523797777532	0.0	1336050	3661.542394431644	0.004705182	2.85
20815.73462326176	2850	37.034433380551704	0.0	1415116	3990.8045972236137	0.004705182	2.85
20819.034706880866	2850	37.7343497614451	0.0	1468126	3300.0836191065955	0.004705182	2.85
20823.289989991572	2850	37.47906665074192	0.0	1505760	4255.283110703179	0.005203354	2.85
20826.84112049033	2850	37.927936151983104	0.0	1323990	3551.130498758818	0.004705182	2.85
20830.550953018188	2850	38.21810362412581	0.0	1383735	3709.8325278572975	0.008331986	2.85
20835.141516806565	2850	37.62753983574855	0.0	1480464	4590.563788377262	0.007490086	2.85
20839.45790221087	2850	37.31115443144566	0.0	1547572	4316.385404302894	0.005558701	2.85
20841.881806481113	2850	38.88725016120413	0.0	1141971	2423.9042702415227	0.01992099	2.85
20845.264895984736	2850	39.504160657580265	0.0	1498470	3383.089503623863	0.089926854	2.85
20849.048754216758	2850	39.7203024255593	0.0	1561263	3783.8582320209694	0.15677655	2.85
20852.403454216837	2850	40.365602425477185	0.0	1341201	3354.7000000821113	0.3934628	2.85
20857.180629460938	4300	39.588427181378115	0.0	2147852	4777.175244099065	0.4743625	2.8499999999999996
20861.7838382589	4300	38.98521838341521	0.0	2191074	4603.208797962904	0.004705182	4.3
20867.05866819119	4300	37.710388451129695	0.0	2286761	5274.829932285518	0.004705182	4.3
20874.477029767142	4300	34.2920268751754	0.0	2307787	7418.3615759542845	0.004705182	4.3
20884.02521426616	4300	28.74384237615935	0.0	2143948	9548.184499016052	0.0049311486	4.3
20890.570675866697	4300	26.198380775620556	0.0	1919781	6545.461600538793	0.15885198	4.3
20897.804534229024	4300	22.96452241329355	0.0	2147467	7233.858362327005	0.28203177	4.3
20906.098516453934	4300	18.67054018838441	0.0	2133870	8293.982224909141	0.6181566	4.3
20912.583648766144	2850	16.185407876172466	0.0	1402287	6485.132312211944	0.14313734	1.4000000000000001
20916.839939981874	2850	15.929116660443434	0.0	1339500	4256.291215729034	0.004861014	2.85
20921.642270858545	2850	15.126785783774238	0.0	1527299	4802.330876669196	0.004705182	2.85
20925.100700494524	2850	15.668356147793256	0.0	1343002	3458.429635980982	0.004705182	2.85
20928.705318998273	2850	16.063737644042252	0.0	1587250	3604.6185037510036	0.004705182	2.85
20932.24631608098	2850	16.52274056133657	0.0	1464921	3540.997082705683	0.009737864	2.85
20936.268184500197	2850	16.500872142117565	0.0	1483527	4021.868419219007	0.056694712	2.85
20939.19639418875	2850	17.572662453567233	0.0	1231456	2928.2096885503315	0.26246142	2.85
20942.525523727403	2850	18.24353291491537	0.0	1364537	3329.129538651867	0.696195	2.85

