19345.229778153884	750	4.0	4.492096968258112	450283	4492.096968258112	0.0048147677	-18.56601696350988
19346.62825499341	300	6.6015231604739535	0.0	155580	1398.4768395260464	0.04749206	-0.15000000000000002
19347.811593880553	300	9.418184273333548	0.0	139857	1183.3388871404063	0.07872348	0.3
19349.130609228672	300	12.09916892521706	0.0	155432	1319.0153481164841	0.009731359	0.3
19350.537862028126	300	14.69191612576039	0.0	163442	1407.2527994566724	0.07785868	0.3
19351.70871969594	300	17.521058457947184	0.0	126289	1170.857667813207	0.13213468	0.3
19353.12549000957	300	20.104288144319266	0.0	153295	1416.770313627918	0.023315031	0.3
19354.76705161969	300	22.462726534198314	0.0	173849	1641.5616101209537	0.022236299	0.3
19356.19937593873	300	25.030402215161008	0.0	150710	1432.3243190373053	0.039479002	0.3
19357.4507815377	300	27.778996616189875	0.0	139105	1251.405598971134	0.10092843	0.3
19358.633452107868	300	30.596326046021794	0.0	141840	1182.670570168081	0.15051882	0.3
19360.116254324683	300	33.113523829208745	0.0	156148	1482.8022168130453	0.33670008	0.3
19361.483985748386	300	35.745792405505576	0.0	160746	1367.7314237031626	0.582583	0.3
19365.274177891544	750	35.95560026234557	0.0	434409	3790.1921431600103	0.48319322	0.3
19368.130703282826	750	37.09907487106308	0.0	337059	2856.5253912824924	0.007947912	0.75
19371.79437309724	750	37.43540505664768	0.0	366214	3663.6698144153966	0.004705182	0.75
19375.632906144867	750	37.5968720090212	0.0	360831	3838.5330476264794	0.004705182	0.75
19380.284077668955	750	36.945700484937134	0.0	372963	4651.171524084061	0.004705182	0.75
19385.22692360851	750	36.002854545381425	0.0	405596	4942.845939555714	0.004705182	0.75
19391.50319630711	750	33.72658184678289	0.0	350713	6276.272698598526	0.004705182	0.75
19397.33135417792	750	31.898423975967948	0.0	386472	5828.157870814948	0.0048477543	0.75
19401.618466120864	750	31.611312033023648	0.0	399894	4287.1119429443	0.004705182	0.75
19406.490735953656	750	30.739042200234266	0.0	401853	4872.26983278938	0.004705182	0.75
19411.136773219634	750	30.0930049342539	0.0	343800	4646.037265980366	0.004705182	0.75
19416.555254559113	750	28.674523594775888	0.0	359903	5418.481339478014	0.004705182	0.75
19422.890632615374	750	26.339145538514046	0.0	379700	6335.378056261842	0.004705182	0.75
19430.08427211041	750	23.14550604347621	0.0	425781	7193.639495037837	0.004705182	0.75
19433.20590022757	750	24.023877926313784	0.0	277716	3121.628117162423	0.021013629	0.75
19437.03243635537	750	24.19734179851621	0.0	400396	3826.5361277975762	0.0048572263	0.75
19440.441504212966	750	24.788273940924018	0.0	400508	3409.067857592193	0.004705182	0.75
19443.458864905897	750	25.770913247992173	0.0	358218	3017.360692931844	0.004893579	0.75
19447.09662921797	750	26.133148935922232	0.0	400322	3637.7643120699413	0.006729539	0.75
19451.034025611287	750	26.19575254260624	0.0	369834	3937.3963933159953	0.007521412	0.75
19454.989893391576	750	26.239884762314762	0.0	412837	3955.867780291475	0.006348766	0.75
19458.724834896133	750	26.504943257757493	0.0	401088	3734.9415045572714	0.010370141	0.75
19461.741834980752	750	27.48794317313726	0.0	365161	3017.00008462023	0.03510826	0.75
19464.6125183034	750	28.61725985049177	0.0	321064	2870.683322645493	0.18829201	0.75
19467.935551362392	750	29.294226791496452	0.0	361565	3323.033058995315	0.21022424	0.75
19471.16346230714	750	30.0663158467471	0.0	378327	3227.910944749353	0.42735207	0.75
19476.208171187576	1200	29.021606966310458	0.0	587506	5044.708880436644	0.6938531	0.75
19481.16163531206	1200	28.06814284182833	0.0	566904	4953.464124482128	0.018496785	1.2
19488.337186381697	1200	24.89259177218793	0.0	641452	7175.551069640399	0.012932377	1.2
19495.58450098387	1200	21.645277170013394	0.0	599477	7247.314602174539	0.0715511	1.2
19506.535351813036	1200	14.694426340847327	0.0	634861	10950.850829166066	0.22443078	1.2
19510.785783853826	750	14.443994300058622	0.0	398987	4250.432040788707	0.06454071	0.3
19515.291051126525	750	13.938727027360576	0.0	393804	4505.267272698046	0.009687091	0.75
19519.67620039409	750	13.553577759795044	0.0	331053	4385.149267565532	0.011707058	0.75
19524.035231306585	750	13.194546847298618	0.0	314107	4359.030912496425	0.00528375	0.75

