2505.162264637079	750	4.0	4.2446647119615655	450283	4244.664711961565	0.5000813	-17.50205826143473
2506.5770527706127	300	6.5852118664659365	0.0	155580	1414.7881335340633	0.10874925	-0.15000000000000002
2507.8407441029553	300	9.321520534123353	0.0	139857	1263.6913323425845	0.09455982	0.3
2509.2186566508044	300	11.94360798627423	0.0	155432	1377.9125478491217	0.008917832	0.3
2510.7051546869943	300	14.457109950084448	0.0	163442	1486.4980361897813	0.07053324	0.3
2511.679407030663	300	17.482857606415696	0.0	126289	974.252343668756	0.11264243	0.3
2512.7841520158163	300	20.378112621262307	0.0	153295	1104.744985153388	0.047668573	0.3
2513.967947111543	300	23.194317525535848	0.0	173849	1183.7950957264597	0.060193684	0.3
2515.0074686506114	300	26.154795986467224	0.0	150710	1039.5215390686258	0.17632371	0.3
2516.0342554915514	300	29.128009145527415	0.0	139105	1026.7868409398052	0.41654742	0.3
2517.36618864038	300	31.7960759966984	0.0	141840	1331.9331488290202	0.52983767	0.3
2518.706351210681	300	34.45591342639732	0.0	156148	1340.1625703010723	0.5888295	0.3
2521.5954479695615	750	35.566816667517266	0.0	386351	2889.0967588800568	0.54613686	0.3
2524.7919213737923	750	36.37034326328613	0.0	434409	3196.4734042311384	0.004859073	0.75
2527.647856207784	750	37.51440842929431	0.0	337059	2855.934833991817	0.004705182	0.75
2531.393850316636	750	37.76841432044276	0.0	366214	3745.994108851557	0.004705182	0.75
2534.1495729817807	750	39.01269165529764	0.0	360831	2755.722665145118	0.004705182	0.75
2537.723894463727	750	39.438370173351856	0.0	372963	3574.321481945788	0.005997215	0.75
2540.889970078476	750	40.27229455860272	0.0	405596	3166.07561474913	0.004705182	0.75
2543.9146289177334	750	41.24763571934536	0.0	350713	3024.6588392573644	0.012598089	0.75
2558.0047220997717	4300	31.157542537306842	0.0	2039773	14090.093182038516	0.016942447	0.75
2563.0506516856494	1200	30.11161295142886	0.0	616206	5045.929585877985	0.004705182	-1.9000000000000001
2565.873084565998	750	31.289180071080125	0.0	401853	2822.432880348733	0.1074964	0.3
2568.8911265218976	750	32.27113811518085	0.0	343800	3018.0419558992753	0.013258378	0.75
2571.829487011357	750	33.3327776257218	0.0	359903	2938.3604894590435	0.011769016	0.75
2575.3224236666274	750	33.83984097045106	0.0	379700	3492.936655270755	0.11021904	0.75
2579.3763074132867	750	33.785957223791954	0.0	425781	4053.883746659099	0.015737249	0.75
2581.79541378556	750	35.36685085151852	0.0	277716	2419.106372273428	0.047032647	0.75
2586.047105941072	750	35.11515869600653	0.0	400396	4251.692155511996	0.020123905	0.75
2591.1190007937494	750	34.04326384332903	0.0	400508	5071.894852677503	0.019714285	0.75
2599.1477272578986	750	30.014537379179885	0.0	358218	8028.726464149141	0.0132983485	0.75
2605.9678418611984	750	27.19442277588034	0.0	400322	6820.114603299544	0.0047680615	0.75
2611.7566809342597	750	25.405583702819023	0.0	369834	5788.839073061317	0.004705182	0.75
2616.653385452299	750	24.508879184779975	0.0	412837	4896.704518039047	0.004705182	0.75
2619.6821549284405	750	25.480109708638192	0.0	401088	3028.769476141781	0.004705182	0.75
2622.3677506707854	750	26.794513966293277	0.0	365161	2685.5957423449145	0.044377424	0.75
2625.0764918180694	750	28.085772819009165	0.0	321064	2708.7411472841104	0.27421266	0.75
2627.440879803073	750	29.721384834005523	0.0	361565	2364.387985003643	0.2791092	0.75
2629.85082993788	750	31.311434699198557	0.0	378327	2409.950134806966	0.4570038	0.75
2633.6016347222826	1200	31.560629914795786	0.0	587506	3750.80478440277	0.11715168	0.75
2637.935733484938	1200	31.22653115214077	0.0	566904	4334.0987626550195	0.005156588	1.2
2642.1352024169196	1200	31.02706222015877	0.0	641452	4199.468931981997	0.0047235377	1.2
2646.0122892840063	1200	31.14997535307222	0.0	599477	3877.0868670865466	0.01158138	1.2
2652.1065268948496	1200	29.055737742228956	0.0	634861	6094.237610843266	0.009757827	1.2
2658.9224571364575	1200	26.23980750062142	0.0	630203	6815.930241607538	0.004705182	1.2
2663.8659935379833	1200	25.29627109909555	0.0	638661	4943.53640152587	0.004705182	1.2
2668.717910804294	1200	24.444353832784667	0.0	538612	4851.917266310881	0.004705182	1.2
2675.022856636306	1200	22.139408000772477	0.0	550906	6304.945832012194	0.004705182	1.2

