5518.096995651318	750	4.0	6.308048004947866	450283	6308.0480049478665	0.004705182	-26.374606421275825
5521.126653361276	300	4.9703422900424306	0.0	155580	3029.6577099575693	0.004705182	-0.15000000000000002
5522.734231880305	300	7.362763771014124	0.0	139857	1607.5785190283066	0.004705182	0.3
5524.69517175178	300	9.401823899538504	0.0	155432	1960.9398714756198	0.004705182	0.3
5527.088577942126	300	11.008417709192697	0.0	163442	2393.406190345805	0.004705182	0.3
5528.523226652247	300	13.573768999071778	0.0	126289	1434.6487101209204	0.007057422	0.3
5530.002147161663	300	16.094848489656087	0.0	153295	1478.92050941569	0.004705182	0.3
5531.906496363604	300	18.19049928771505	0.0	173849	1904.3492019410367	0.004705182	0.3
5534.721476036275	300	19.375519615043814	0.0	150710	2814.9796726712366	0.004705182	0.3
5537.040052176432	300	21.05694347488586	0.0	139105	2318.5761401579553	0.004705182	0.3
5539.678815077575	300	22.418180573743452	0.0	141840	2638.762901142407	0.0047317673	0.3
5543.127296092276	300	22.96969955904212	0.0	156148	3448.48101470133	0.004705182	0.3
5546.1910591858405	300	23.90593646547795	0.0	160746	3063.763093564172	0.004705182	0.3
5548.980341110194	300	25.116654541123705	0.0	179801	2789.2819243542426	0.004705182	0.3
5550.643258389879	300	27.453737261438516	0.0	140051	1662.9172796851883	0.005549861	0.3
5551.92290201129	300	30.174093640027746	0.0	138313	1279.6436214107712	0.009349707	0.3
5553.6242979749	300	32.47269767641768	0.0	143509	1701.3959636100665	0.07564035	0.3
5555.59842079933	300	34.498574851988394	0.0	150616	1974.1228244292884	0.12770797	0.3
5558.213711124827	300	35.88328452649166	0.0	165384	2615.2903254967396	0.39225143	0.3
5560.514953230557	300	37.58204242076092	0.0	140881	2301.2421057307383	0.6719135	0.3
5563.567449553405	750	38.52954609791345	0.0	386472	3052.49632284747	0.633557	0.3
5566.2410611880105	750	39.85593446330759	0.0	399894	2673.6116346058598	0.004705182	0.75
5568.936949463505	750	41.160046187813876	0.0	401853	2695.888275493718	0.016176319	0.75
5572.612525885831	750	41.48446976548745	0.0	343800	3675.5764223264246	0.085901976	0.75
5576.119907219069	750	41.977088432248614	0.0	359903	3507.3813332388313	0.019705828	0.75
5579.038578036713	750	43.05841761460431	0.0	379700	2918.6708176443067	0.06757463	0.75
5582.6261518338	750	43.4708438175181	0.0	425781	3587.573797086213	0.4191811	0.75
5584.631084667389	750	45.465910983929646	0.0	277716	2004.9328335884547	0.60985154	0.75
5587.304445590254	750	46.792550061064276	0.0	400396	2673.360922865366	0.5567331	0.75
5592.406077767653	1200	45.69091788366458	0.0	641447	5101.632177399699	0.07610007	0.75
5596.569772208221	1200	45.52722344309684	0.0	570392	4163.694440567739	0.004705182	1.2
5602.352586363189	1200	43.74440928812782	0.0	620283	5782.814154969015	0.004705182	1.2
5607.334365282846	1200	42.762630368470724	0.0	584349	4981.778919657093	0.004705182	1.2
5612.911422749045	1200	41.185572902271886	0.0	670129	5577.057466198835	0.004705182	1.2
5618.47405931976	1200	39.62293633155679	0.0	690253	5562.636570715102	0.004705182	1.2
5622.370023395455	1200	39.7269722558621	0.0	598727	3895.964075694692	0.004705182	1.2
5625.657636746312	1200	40.43935890500509	0.0	487812	3287.613350857007	0.004705182	1.2
5630.114886917747	1200	39.982108733570634	0.0	575591	4457.250171434463	0.004830904	1.2
5635.111513944021	1200	38.98548170729686	0.0	605884	4996.627026273768	0.0063555273	1.2
5639.624595989347	1200	38.47239966197089	0.0	587506	4513.082045325972	0.0060804044	1.2
5644.295233820091	1200	37.80176183122619	0.0	566904	4670.63783074471	0.010739524	1.2
5650.396783872367	1200	35.70021177894905	0.0	641452	6101.550052277135	0.007048377	1.2
5656.105358034094	1200	33.99163761722292	0.0	599477	5708.574161726125	0.0051622107	1.2
5665.955547965319	1200	28.141447685998173	0.0	634861	9850.189931224748	0.0047064926	1.2
5672.1684433695955	750	25.92855228172161	0.0	398987	6212.895404276563	0.016396718	0.3
5678.637234919314	750	23.459760732002444	0.0	393804	6468.791549719167	0.65240294	0.75
5683.965767206242	750	22.131228445074026	0.0	331053	5328.532286928417	0.27269396	0.75
5687.480978578364	750	22.616017072952584	0.0	314107	3515.2113721214423	0.0597905	0.75

