7468.792295099424	750	4.0	1.9680897620528024	450283	1968.0897620528024	0.004705182	-7.71278597682705
7471.011068714692	750	5.781226384733127	0.0	398865	2218.7736152668726	0.004705182	0.75
7472.686527965988	750	8.105767133436677	0.0	350812	1675.4592512964498	0.00670979	0.75
7474.122146679221	750	10.670148420202866	0.0	382355	1435.6187132338102	0.015115557	0.75
7475.580354839057	750	13.21194026036772	0.0	411561	1458.2081598351454	0.004705182	0.75
7476.716705857404	750	16.07558924202007	0.0	318564	1136.351018347654	0.007958947	0.75
7477.975816259922	750	18.816478839503166	0.0	352642	1259.1104025169004	0.022261402	0.75
7479.376152711774	750	21.41614238765081	0.0	437162	1400.3364518523517	0.055170253	0.75
7481.386717895545	1200	23.405577203880405	0.0	584846	2010.5651837704058	0.654509	0.75
7485.031203520844	1200	23.761091578581155	0.0	560821	3644.4856252992495	0.01555143	1.2
7493.6648064949795	1200	19.127488604447077	0.0	607410	8633.602974134079	0.60391253	1.2
7495.496846821503	300	21.295448277923615	0.0	156148	1832.0403265234584	0.040231764	-0.6000000000000001
7496.682203682029	300	24.11009141739741	0.0	160746	1185.3568605262078	0.058929585	0.3
7497.60512293501	300	27.187172164416577	0.0	179801	922.9192529808317	0.4872735	0.3
7498.967981238007	750	29.824313861417927	0.0	337059	1362.85830299865	0.40179843	0.3
7500.490894051156	750	32.30140104826946	0.0	366214	1522.9128131484601	0.39105126	0.75
7501.988484472638	750	34.803810626787616	0.0	360831	1497.5904214818497	0.6419875	0.75
7504.299240394221	1200	36.493054705205196	0.0	581493	2310.755921582415	0.34298217	0.75
7506.6679863001045	1200	38.124308799322044	0.0	639204	2368.745905883154	0.004705182	1.2
7508.783183683427	1200	40.00911141599956	0.0	586839	2115.197383322483	0.004705182	1.2
7511.218425216523	1200	41.57386988290368	0.0	601738	2435.2415330958834	0.0067796083	1.2
7513.8759826106	1200	42.916312488826726	0.0	616206	2657.5573940769555	0.009026029	1.2
7517.953430054864	1200	42.838865044563036	0.0	656471	4077.447444263692	0.011808349	1.2
7522.149609093878	1200	42.642686005548214	0.0	536667	4196.179039014826	0.005153447	1.2
7525.780545998944	1200	43.01174910048236	0.0	587236	3630.9369050658515	0.004705182	1.2
7529.062573541995	1200	43.7297215574309	0.0	590335	3282.027543051458	0.004705182	1.2
7533.320389339291	1200	43.471905760134646	0.0	696376	4257.815797296261	0.004705182	1.2
7535.527944775653	1200	45.26435032377275	0.0	487160	2207.555436361886	0.004705182	1.2
7538.10119723994	1200	46.69109785948592	0.0	622896	2573.2524642868407	0.0067195734	1.2
7541.756417513135	1200	47.035877586291456	0.0	641447	3655.220273194463	0.030525364	1.2
7544.416522184333	1200	48.37577291509332	0.0	570392	2660.1046711981317	0.018081497	1.2
7547.949546109883	1200	48.842748989542834	0.0	620283	3533.0239255504844	0.11236059	1.2
7551.400768480028	1200	49.39152661939782	0.0	584349	3451.2223701450102	0.11106092	1.2
7554.834584562873	1200	49.95771053655318	0.0	670129	3433.816082844643	0.0902627	1.2
7561.376443327737	2850	47.41585177168866	0.0	1492672	6541.858764864527	0.6232716	1.2000000000000002
7572.015332686552	2850	40.77696241287413	0.0	1439896	10638.889358814526	0.004705182	2.85
7578.242137852898	2850	38.550157246528194	0.0	1139291	6226.80516634593	0.012370464	2.85
7587.106794077026	2850	33.685501022398974	0.0	1499009	8864.656224129218	0.004705182	2.85
7594.2248859396295	2850	30.567409159796348	0.0	1427478	7118.091862602627	0.0047821207	2.85
7600.815797583063	2850	27.976497516363384	0.0	1402287	6590.911643432967	0.004705182	2.85
7608.029415073298	2850	24.762880026128695	0.0	1339500	7213.617490234686	0.004705182	2.85
7614.323150644404	2850	22.469144455022082	0.0	1527299	6293.735571106612	0.004705182	2.85
7620.670084701884	2850	20.12221039754375	0.0	1343002	6346.9340574783355	0.004705182	2.85
7627.653694003116	2850	17.138601096311728	0.0	1587250	6983.609301232021	0.004705182	2.85
7633.596923816341	2850	15.195371283086152	0.0	1464921	5943.229813225579	0.004705182	2.85
7640.090334880349	2850	12.701960219078844	0.0	1483527	6493.4110640073095	0.004705182	2.85
7644.045611233546	2850	12.746683865880629	0.0	1231456	3955.276353198215	0.0059935893	2.85
7648.393822460107	2850	12.398472639320866	0.0	1364537	4348.211226559762	0.004705182	2.85

