13910.580149110365	750	4.0	7.862962959107444	450283	7862.962959107444	0.004705182	-33.06074072416201
13912.14547822922	300	6.434670881144126	0.0	155580	1565.3291188558746	0.004705182	-0.15000000000000002
13913.548252244454	300	9.03189686591194	0.0	139857	1402.7740152321862	0.004705182	0.3
13915.434851726974	300	11.1452973833924	0.0	155432	1886.5994825195382	0.004705182	0.3
13916.901827064039	300	13.678322046325858	0.0	163442	1466.9753370665421	0.004830291	0.3
13917.810200750235	300	16.76994836013036	0.0	126289	908.373686195497	0.036449824	0.3
13919.843937654494	300	18.736211455873285	0.0	153295	2033.7369042570776	0.013458055	0.3
13923.541027485406	300	19.03912162496144	0.0	173849	3697.08983091185	0.004705182	0.3
13926.15085352414	300	20.429295586227582	0.0	150710	2609.826038733857	0.004705182	0.3
13927.337690222845	300	23.242458887522258	0.0	139105	1186.8366987053223	0.0051304204	0.3
13928.488676537196	300	26.091472573172037	0.0	141840	1150.9863143502198	0.0257779	0.3
13929.732253099384	300	28.847896010983945	0.0	156148	1243.576562188093	0.03662651	0.3
13931.013299468224	300	31.566849642143406	0.0	160746	1281.0463688405398	0.12854853	0.3
13933.123960021876	300	33.45618908849169	0.0	179801	2110.6605536517113	0.6152188	0.3
13934.72396501248	300	35.856184097888665	0.0	140051	1600.0049906030258	0.44538024	0.3
13938.67513249872	750	35.90501661164689	0.0	366214	3951.16748624178	0.69628865	0.3
13942.848191848274	750	35.731957262092635	0.0	360831	4173.059349554256	0.009435417	0.75
13944.728621289023	750	37.8515278213442	0.0	372963	1880.4294407484317	0.0068287803	0.75
13947.377720007527	750	39.20242910283968	0.0	405596	2649.0987185045155	0.018885707	0.75
13950.008360565624	750	40.571788544743704	0.0	350713	2630.6405580959754	0.020421837	0.75
13952.879990187303	750	41.7001589230653	0.0	386472	2871.6296216784067	0.039200388	0.75
13956.013663328062	750	42.56648578230597	0.0	399894	3133.673140759343	0.112762034	0.75
13958.099477038759	750	44.480672071609604	0.0	401853	2085.813710696365	0.24009916	0.75
13960.329334693019	1200	46.250814417348884	0.0	536667	2229.857654260721	0.30011812	0.75
13963.033878740789	1200	47.54627036957822	0.0	587236	2704.5440477706684	0.004705182	1.2
13965.46816108747	1200	49.11198802289753	0.0	590335	2434.282346680688	0.006285679	1.2
13968.470872336	1200	50.109276774368034	0.0	696376	3002.7112485295015	0.017957322	1.2
13970.309506723599	1200	52.27064238676786	0.0	487160	1838.6343876001717	0.101937644	1.2
13973.480873611312	1200	53.09927549905581	0.0	622896	3171.3668877120504	0.7777968	1.2
13977.097195821552	1200	53.48295328881611	0.0	641447	3616.3222102396994	0.3762684	1.2
13984.677950293371	2850	49.9021988169956	0.0	1341201	7580.754471820506	0.72390276	1.2000000000000002
14004.224331199755	2850	34.35581791061072	0.0	1497683	19546.380906384882	0.004705182	2.85
14009.737997124812	1200	32.842151985554665	0.0	584349	5513.665925056058	0.043660738	-0.44999999999999996
14013.144646479937	1200	33.435502630428566	0.0	670129	3406.649355126099	0.024239156	1.2
14015.784182550828	1200	34.795966559540176	0.0	690253	2639.536070888384	0.004705182	1.2
14019.55194132939	1200	35.02820778097822	0.0	598727	3767.7587785619567	0.004705182	1.2
14022.011352806494	1200	36.568796303874436	0.0	487812	2459.4114771037853	0.004705182	1.2
14027.318402435949	1200	35.261746674419456	0.0	575591	5307.04962945498	0.18376341	1.2
14031.71073224996	1200	34.86941686040869	0.0	605884	4392.329814010761	0.004705182	1.2
14035.81677054967	1200	34.76337856069972	0.0	587506	4106.038299708969	0.004705182	1.2
14040.284272171786	1200	34.29587693858417	0.0	566904	4467.501622115544	0.009106339	1.2
14045.27044347579	1200	33.30970563458066	0.0	641452	4986.171304003519	0.008575581	1.2
14049.868608913088	1200	32.71154019728263	0.0	599477	4598.165437298023	0.009589088	1.2
14054.29991843861	1200	32.28023067176146	0.0	634861	4431.309525521178	0.008537775	1.2
14060.42860667694	1200	30.151542433431214	0.0	630203	6128.688238330242	0.015102185	1.2
14065.671544091796	1200	28.908605018574477	0.0	638661	5242.937414856736	0.005040946	1.2
14068.321582761697	1200	30.25856634867402	0.0	538612	2650.0386699004553	0.009631419	1.2
14070.967444165	1200	31.61270494537025	0.0	550906	2645.8614033037716	0.038113803	1.2

