16535.414293932656	750	4.0	4.948165992489615	450283	4948.165992489616	0.005646991	-20.527113767705345
16536.82107973925	300	6.593214193405611	0.0	155580	1406.7858065943897	0.013278145	-0.15000000000000002
16537.833724077118	300	9.580569855539265	0.0	139857	1012.6443378663465	0.045710616	0.3
16538.98617414437	300	12.428119788285638	0.0	155432	1152.4500672536267	0.014250449	0.3
16540.407173372365	300	15.007120560293167	0.0	163442	1420.9992279924695	0.14178503	0.3
16541.67998496235	300	17.73430897030769	0.0	126289	1272.8115899854747	0.13284703	0.3
16543.170250827945	300	20.244043104710872	0.0	153295	1490.2658655968185	0.020028496	0.3
16544.99932663581	300	22.41496729684493	0.0	173849	1829.0758078659435	0.021090856	0.3
16546.448953791387	300	24.96534014126896	0.0	150710	1449.6271555759718	0.025134066	0.3
16547.75868694413	300	27.655606988525857	0.0	139105	1309.7331527431013	0.090049475	0.3
16549.312867708824	300	30.10142622383339	0.0	141840	1554.1807646924692	0.1355934	0.3
16552.567899751317	300	30.846394181337217	0.0	156148	3255.032042496171	0.11632352	0.3
16556.650730265796	300	30.763563666859596	0.0	160746	4082.830514477621	0.026667926	0.3
16558.485739401454	300	32.928554531200994	0.0	179801	1835.0091356586072	0.013812144	0.3
16561.591709849818	750	33.8225840828398	0.0	337059	3105.9704483611863	0.25444937	0.3
16565.32678893976	750	34.0875049928919	0.0	366214	3735.0790899479002	0.027072307	0.75
16568.31272235802	750	35.10157157463516	0.0	360831	2985.9334182567454	0.013486772	0.75
16571.896289849243	750	35.518004083412094	0.0	372963	3583.5674912230597	0.004705182	0.75
16576.51558535696	750	34.898708575695174	0.0	405596	4619.295507716924	0.004705182	0.75
16581.322717027804	750	34.09157690485005	0.0	350713	4807.1316708451195	0.004705182	0.75
16588.242966499616	750	31.171327433035984	0.0	386472	6920.249471814068	0.004705182	0.75
16591.83412192344	750	31.580172009214404	0.0	399894	3591.155423821581	0.008088239	0.75
16594.8599218691	750	32.55437206355019	0.0	401853	3025.7999456642174	0.004705182	0.75
16597.22462173525	750	34.18967219740253	0.0	343800	2364.6998661476655	0.005192467	0.75
16600.658726650283	750	34.75556728237019	0.0	359903	3434.104915032342	0.019255675	0.75
16603.984898775518	750	35.42939515713581	0.0	379700	3326.172125234384	0.009366722	0.75
16607.991258499318	750	35.42303543333518	0.0	425781	4006.359723800624	0.02104417	0.75
16611.00723167318	750	36.40706225947612	0.0	277716	3015.9731738590585	0.03291578	0.75
16615.16816342638	750	36.24613050627449	0.0	400396	4160.931753201638	0.011220097	0.75
16619.59125711079	750	35.82303682186274	0.0	400508	4423.093684411744	0.027359094	0.75
16625.073077652665	750	34.341216279988615	0.0	358218	5481.820541874131	0.04359859	0.75
16630.259290224414	750	33.155003708240955	0.0	400322	5186.2125717476565	0.0074788774	0.75
16638.438769996254	750	28.975523936400826	0.0	369834	8179.479771840127	0.0088301785	0.75
16642.765590424355	750	28.648703508299995	0.0	412837	4326.820428100835	0.004705182	0.75
16646.473439752313	750	28.94085418034134	0.0	401088	3707.849327958654	0.007119045	0.75
16649.564936740175	750	29.849357192481452	0.0	365161	3091.496987859886	0.03480506	0.75
16652.3083071572	750	31.105986775455342	0.0	321064	2743.3704170261103	0.23909892	0.75
16655.514781880305	750	31.899512052351795	0.0	361565	3206.4747231035485	0.46314478	0.75
16658.386915860352	750	33.02737807230302	0.0	378327	2872.1339800487694	0.6548939	0.75
16662.768655585518	1200	32.64563834713723	0.0	587506	4381.739725165794	0.350967	0.75
16666.64757032711	1200	32.76672360554523	0.0	566904	3878.914741591999	0.0057855844	1.2
16671.03845153836	1200	32.375842394295276	0.0	641452	4390.881211249949	0.005500437	1.2
16675.354241056197	1200	32.0600528764595	0.0	599477	4315.7895178357785	0.008113227	1.2
16679.546686083864	1200	31.86760784879278	0.0	634861	4192.44502766672	0.0071327225	1.2
16684.15857495681	1200	31.25571897584615	0.0	630203	4611.888872946631	0.01657822	1.2
16688.450997052198	1200	30.96329688046039	0.0	638661	4292.422095385759	0.015466961	1.2
16692.464476079873	1200	30.949817852784673	0.0	538612	4013.4790276757208	0.058956474	1.2
16697.496238788593	1200	29.918055144063757	0.0	550906	5031.762708720917	0.02376426	1.2

