17763.049766926877	750	4.0	9.971750996673139	450283	9971.75099667314	0.012349439	-42.1285292856945
17766.53339083611	300	4.516376090767351	0.0	155580	3483.623909232648	0.004705182	-0.15000000000000002
17768.818389051656	300	6.23137787521933	0.0	139857	2284.998215548021	0.004705182	0.3
17770.61947473751	300	8.430292189365248	0.0	155432	1801.085685854082	0.004705182	0.3
17772.106360184396	300	10.943406742477846	0.0	163442	1486.8854468874028	0.004705182	0.3
17773.20488874593	300	13.844878180946663	0.0	126289	1098.5285615311818	0.019511485	0.3
17774.42636139313	300	16.623405533748365	0.0	153295	1221.4726471982992	0.004705182	0.3
17775.659385777704	300	19.390381149172665	0.0	173849	1233.0243845756975	0.005081953	0.3
17776.739988653673	300	22.309778273200813	0.0	150710	1080.6028759718529	0.008304378	0.3
17777.653649415795	300	25.396117511080043	0.0	139105	913.660762120769	0.07841546	0.3
17778.734145554474	300	28.315621372399495	0.0	141840	1080.496138680549	0.27593663	0.3
17779.867660065273	300	31.182106861604897	0.0	156148	1133.514510794597	0.44539642	0.3
17780.907228116153	300	34.142538810722684	0.0	160746	1039.5680508822147	0.6723873	0.3
17783.584244590358	750	35.46552233652159	0.0	434409	2677.0164742010966	0.1511431	0.3
17785.643733402474	750	37.40603352440132	0.0	337059	2059.488812120261	0.0075252606	0.75
17787.774811521303	750	39.274955405573884	0.0	366214	2131.0781188274404	0.014367082	0.75
17789.74081088117	750	41.30895604571095	0.0	360831	1965.9993598629385	0.052510727	0.75
17793.671286728284	750	41.37848019859195	0.0	372963	3930.4758471189916	0.4084537	0.75
17796.970665606514	750	42.07910132036489	0.0	405596	3299.3788782270667	0.016698763	0.75
17799.60148079179	750	43.448286135089326	0.0	350713	2630.8151852755586	0.06776997	0.75
17802.93276459971	750	44.11700232716765	0.0	386472	3331.2838079216795	0.18962404	0.75
17807.746363835533	750	43.30340309134648	0.0	399894	4813.59923582117	0.13178104	0.75
17811.500059075974	750	43.54970785090498	0.0	401853	3753.6952404414965	0.01973389	0.75
17813.874382317197	750	45.175384609683114	0.0	343800	2374.323241221872	0.11757524	0.75
17817.551025243785	750	45.498741683093066	0.0	359903	3676.6429265900465	0.66925764	0.75
17819.9694128367	750	47.08035409017837	0.0	379700	2418.387592914699	0.1776662	0.75
17828.412117254695	1200	42.63764967218462	0.0	696376	8442.704417993755	0.3497025	0.75
17837.721887823027	1200	37.32787910384937	0.0	487160	9309.770568335247	0.2172825	1.2
17848.31600086646	1200	30.733766060415572	0.0	622896	10594.113043433801	0.5062516	1.2
17853.896440218516	750	29.153326708362215	0.0	400508	5580.439352053357	0.072287545	0.3
17856.364448353183	750	30.68531857369532	0.0	358218	2468.008134666896	0.0047084684	0.75
17859.16052086447	750	31.88924606241004	0.0	400322	2796.0725112852797	0.06317601	0.75
17862.313338399945	1200	32.7364285269347	0.0	584349	3152.8175354753375	0.4606058	0.75
17868.093732687907	1200	30.95603423897372	0.0	670129	5780.394287960987	0.004705182	1.2
17874.373682873196	1200	28.67608405368094	0.0	690253	6279.9501852927815	0.029417207	1.2
17878.854863914996	1200	28.194903011880193	0.0	598727	4481.181041800745	0.04101221	1.2
17883.127830135116	1200	27.921936791762754	0.0	487812	4272.96622011744	0.014708315	1.2
17889.733219537353	1200	25.31654738952565	0.0	575591	6605.389402237105	0.044666488	1.2
17894.49795801006	1200	24.55180891681983	0.0	605884	4764.738472705817	0.14327994	1.2
17897.06471332414	1200	25.985053602736397	0.0	587506	2566.7553140834366	0.015249911	1.2
17899.340765589815	1200	27.70900133706125	0.0	566904	2276.0522656751464	0.004705182	1.2
17902.695843685455	1200	28.35392324141988	0.0	641452	3355.0780956413705	0.013008934	1.2
17906.75909904857	1200	28.29066787830499	0.0	599477	4063.2553631148926	0.03312456	1.2
17912.06451423668	1200	26.985252690193178	0.0	634861	5305.415188111811	0.02034744	1.2
17917.978235173487	1200	25.071531753388612	0.0	630203	5913.720936804567	0.008599585	1.2
17923.378603013873	1200	23.6711639130018	0.0	638661	5400.367840386813	0.004705182	1.2
17928.652046161846	1200	22.39772076502985	0.0	538612	5273.44314797195	0.0050239395	1.2
17941.391320684023	1200	13.65844624285114	0.0	550906	12739.274522178708	0.004936139	1.2

