15989.117502185576	750	4.0	6.212365695121308	450283	6212.365695121308	0.004705182	-25.963172489021623
15990.62459143959	300	6.492910745984942	0.0	155580	1507.089254015058	0.004705182	-0.15000000000000002
15992.194138940187	300	8.923363245387266	0.0	139857	1569.547500597674	0.009405639	0.3
15995.57712016279	300	9.54038202278418	0.0	155432	3382.981222603087	0.004705182	0.3
15997.983093204835	300	11.134408980739513	0.0	163442	2405.973042044665	0.004705182	0.3
15999.384922301448	300	13.732579884127976	0.0	126289	1401.8290966115378	0.0063790083	0.3
16001.094668350253	300	16.02283383532257	0.0	153295	1709.746048805408	0.004705182	0.3
16003.616554914015	300	17.50094727156205	0.0	173849	2521.88656376052	0.004705182	0.3
16005.81138528407	300	19.306116901505767	0.0	150710	2194.830370056284	0.004705182	0.3
16007.527767241912	300	21.589734943663952	0.0	139105	1716.3819578418154	0.004705182	0.3
16009.192323500509	300	23.925178685067262	0.0	141840	1664.5562585966907	0.0059532295	0.3
16011.369843155995	300	25.747659029580376	0.0	156148	2177.5196554868867	0.0073150476	0.3
16012.8167163393	300	28.30078584627639	0.0	160746	1446.8731833039867	0.008815057	0.3
16014.105139766158	300	31.012362419417016	0.0	179801	1288.4234268593748	0.062350675	0.3
16014.96014483494	300	34.157357350634854	0.0	140051	855.0050687821622	0.5658603	0.3
16031.324143514248	2850	21.793358671327923	0.0	1471065	16363.998679306933	0.31363818	0.30000000000000027
16033.935935265043	300	23.18156692053353	0.0	143509	2611.7917507943944	0.004705182	-2.25
16037.382896211	300	23.734605974575924	0.0	150616	3446.9609459576063	0.00521234	0.3
16041.713694831393	300	23.40380735418279	0.0	165384	4330.798620393135	0.004705182	0.3
16045.242508065963	300	23.874994119612463	0.0	140881	3528.8132345703243	0.004705182	0.3
16049.635297870405	300	23.48220431517138	0.0	157671	4392.789804441084	0.005630394	0.3
16052.833940764933	300	24.283561420643817	0.0	157812	3198.6428945275616	0.004705182	0.3
16054.641359662364	300	26.476142523211305	0.0	163927	1807.4188974325148	0.004705182	0.3
16055.870759127185	300	29.24674305839215	0.0	137654	1229.399464819155	0.022175442	0.3
16059.097276103459	750	30.020226082118054	0.0	359903	3226.5169762740948	0.6029521	0.3
16062.230657979306	750	30.886844206271487	0.0	379700	3133.381875846568	0.007909555	0.75
16065.962991301833	750	31.15451088374418	0.0	425781	3732.333322527306	0.004705182	0.75
16068.287779467792	750	32.8297227177852	0.0	277716	2324.7881659589716	0.0060560186	0.75
16071.689159148997	750	33.42834303657968	0.0	400396	3401.3796812055225	0.009632288	0.75
16075.313783768363	750	33.80371841721384	0.0	400508	3624.624619365842	0.020740077	0.75
16080.256447772303	750	32.86105441327486	0.0	358218	4942.664003938984	0.061209463	0.75
16089.797787276699	750	27.319714908878677	0.0	400322	9541.33950439618	0.010298612	0.75
16101.292865739006	750	19.824636446570157	0.0	369834	11495.07846230852	0.04647985	0.75
16105.836399667309	300	19.281102518266245	0.0	163444	4543.53392830391	0.17783187	-0.15000000000000002
16109.778143797152	300	19.33935838842454	0.0	179328	3941.744129841709	0.050992303	0.3
16112.341215826506	300	20.77628635906971	0.0	159914	2563.072029354826	0.13774383	0.3
16114.331597020575	300	22.785905165000266	0.0	131610	1990.3811940694477	0.2990876	0.3
16116.29415917303	300	24.82334301254535	0.0	124011	1962.5621524549126	0.68345195	0.3
16122.925782969109	750	22.191719216467806	0.0	378327	6631.623796077547	0.41737786	0.3
16129.046691400423	750	20.070810785152467	0.0	390680	6120.90843131534	0.026344473	0.75
16134.064939195352	750	19.052562990224352	0.0	345516	5018.247794928112	0.0197698	0.75
16141.325360560411	750	15.792141625163998	0.0	384505	7260.421365060354	0.011922822	0.75
16145.833952976816	750	15.28354920875832	0.0	372093	4508.592416405678	0.32658318	0.75
16149.474634815446	750	15.64286737013061	0.0	438281	3640.681838627712	0.024092067	0.75
16153.747851809992	750	15.369650375583515	0.0	398987	4273.216994547095	0.01514913	0.75
16156.829308142305	750	16.288194043270455	0.0	393804	3081.4563323130606	0.011218391	0.75
16162.218892683466	750	14.898609502107963	0.0	331053	5389.5845411624905	0.1981188	0.75
16166.354701714039	750	14.76280047153667	0.0	314107	4135.809030571295	0.0047294977	0.75

