1251.1073418662113	750	4.0	1.9120480482224669	450283	1912.0480482224668	0.004705182	-7.471806607356607
1252.9567675080025	750	6.150574358208762	0.0	398865	1849.425641791238	0.004705182	0.75
1254.483161125138	750	8.62418074107329	0.0	350812	1526.3936171354708	0.004705182	0.75
1257.9651562034408	750	9.142185662770313	0.0	382355	3481.995078302978	0.0062145367	0.75
1265.3513790201578	750	5.755962846053477	0.0	411561	7386.222816716835	0.2294538	0.75
1266.3975111381872	300	8.709830728024041	0.0	126289	1046.1321180294372	0.004705182	-0.15000000000000002
1267.6481903670492	300	11.45915149916207	0.0	153295	1250.6792288619713	0.053756617	0.3
1268.849540795427	300	14.257801070784405	0.0	173849	1201.3504283776654	0.011434404	0.3
1270.1655431631943	300	16.941798703017017	0.0	150710	1316.0023677673832	0.13771883	0.3
1271.5651924600782	300	19.542149406133184	0.0	139105	1399.649296883835	0.09108015	0.3
1273.158228947931	300	21.949112918279944	0.0	141840	1593.0364878532375	0.011125439	0.3
1274.9986961498405	300	24.108645716370656	0.0	156148	1840.4672019092895	0.010605394	0.3
1275.8839465221179	300	27.22339534409336	0.0	160746	885.2503722772951	0.01160801	0.3
1278.4450510121424	750	28.66229085406894	0.0	434409	2561.1044900244215	0.6915061	0.3
1280.5089543051342	750	30.59838756107711	0.0	337059	2063.90329299183	0.012561563	0.75
1282.2570423772588	750	32.850299488952494	0.0	366214	1748.0880721246174	0.004843872	0.75
1284.030126724235	750	35.07721514197637	0.0	360831	1773.0843469761196	0.026848992	0.75
1285.9331940717132	750	37.174147794498296	0.0	372963	1903.0673474780733	0.21880223	0.75
1288.0966071409725	750	39.010734725238905	0.0	405596	2163.4130692593867	0.5066639	0.75
1291.2869393930807	1200	39.82040247313063	0.0	586839	3190.3322521082796	0.6358466	0.75
1297.5071947714289	1200	37.60014709478257	0.0	601738	6220.2553783480535	0.006478535	1.2
1305.540349945732	1200	33.56699192047956	0.0	616206	8033.15517430301	0.50176525	1.2
1315.4146086042895	750	27.692733261922047	0.0	401853	9874.25865855751	0.31676584	0.3
1320.282249611755	750	26.825092254456187	0.0	343800	4867.64100746586	0.25964364	0.75
1323.2698844142303	750	27.8374574519811	0.0	359903	2987.6348024750873	0.0105113685	0.75
1325.6773653846685	750	29.42997648154273	0.0	379700	2407.480970438371	0.004705182	0.75
1329.7029879020643	750	29.404353964146853	0.0	425781	4025.622517395876	0.037641924	0.75
1332.7992956590747	750	30.308046207136506	0.0	277716	3096.3077570103455	0.010204112	0.75
1338.9231189281102	750	28.18422293810108	0.0	400396	6123.823269035426	0.00521768	0.75
1343.361851723695	750	27.74549014251639	0.0	400508	4438.732795584691	0.004705182	0.75
1346.0608424426312	750	29.046499423580013	0.0	358218	2698.9907189363757	0.004705182	0.75
1348.4416122446426	750	30.665729621568804	0.0	400322	2380.7698020112093	0.013893655	0.75
1349.9502046760529	750	33.15713719015862	0.0	369834	1508.5924314101824	0.50095093	0.75
1353.222903137421	1200	33.88443872879044	0.0	670129	3272.698461368185	0.010238611	0.75
1356.464117725779	1200	34.64322414043241	0.0	690253	3241.214588358032	0.005704364	1.2
1359.222796705796	1200	35.88454516041528	0.0	598727	2758.6789800171277	0.019007096	1.2
1361.047988965701	1200	38.05935290051034	0.0	487812	1825.1922599049383	0.07361811	1.2
1367.2978012186588	2850	35.8095406475525	0.0	1499009	6249.8122529578395	0.63824767	1.2000000000000002
1373.3817711997115	2850	33.725570666499976	0.0	1427478	6083.969981052527	0.004705182	2.85
1382.039247305679	2850	29.06809456053219	0.0	1402287	8657.476105967786	0.0063190963	2.85
1398.6958598796148	2850	16.411481986596584	0.0	1339500	16656.612573935607	0.0047329543	2.85
1400.7506406800749	750	18.35670118613646	0.0	384505	2054.780800460123	0.3431346	-1.35
1404.0642318375042	1200	19.043110028707197	0.0	599477	3313.59115742926	0.04584267	0.75
1407.4016256115874	1200	19.7057162546239	0.0	634861	3337.393774083296	0.004705182	1.2
1410.5232273415236	1200	20.584114524687603	0.0	630203	3121.601729936299	0.004705182	1.2
1413.573892966671	1200	21.53344889954013	0.0	638661	3050.6656251474733	0.026308758	1.2
1420.314845209091	2850	18.792496657120225	0.0	1231456	6740.952242419907	0.7129155	1.2000000000000002
1427.8445373355728	2850	15.26280453063852	0.0	1364537	7529.692126481702	0.005784372	2.85

