14074.468793941649	750	4.0	3.5013497766476167	450283	3501.3497766476166	0.19819485	-14.305804039584752
14076.469486991426	750	5.999306950223179	0.0	398865	2000.6930497768208	0.695977	0.75
14078.028123302247	750	8.44067063940111	0.0	350812	1558.636310822068	0.010449424	0.75
14079.793422362378	750	10.675371579270124	0.0	382355	1765.2990601309868	0.028479718	0.75
14081.402391799027	750	13.066402142621186	0.0	411561	1608.9694366489382	0.016695032	0.75
14082.664910119967	750	15.803883821681344	0.0	318564	1262.5183209398413	0.007285829	0.75
14084.210048838655	750	18.258745102994478	0.0	352642	1545.1387186868667	0.010453842	0.75
14086.054098518418	750	20.41469542323173	0.0	437162	1844.049679762748	0.0133047765	0.75
14087.712588477181	750	22.75620546446939	0.0	374758	1658.489958762342	0.00783488	0.75
14089.793841443936	750	24.67495249771506	0.0	362795	2081.252966754329	0.017584372	0.75
14092.196700931838	750	26.272093009813233	0.0	353220	2402.8594879018274	0.00594228	0.75
14095.378022549661	750	27.090771391989527	0.0	405134	3181.3216178237058	0.005373674	0.75
14097.759437108527	750	28.709356833123113	0.0	386351	2381.4145588664155	0.0055267406	0.75
14100.816235957212	750	29.652557984437827	0.0	434409	3056.7988486852896	0.004715671	0.75
14103.281644332079	750	31.187149609571488	0.0	337059	2465.408374866339	0.004705182	0.75
14105.615629613092	750	32.853164328558414	0.0	366214	2333.985281013077	0.004705182	0.75
14107.821223800658	750	34.64757014099318	0.0	360831	2205.594187565237	0.0063432897	0.75
14109.924421188107	750	36.54437275354294	0.0	372963	2103.1973874502446	0.015546689	0.75
14112.19779899104	750	38.27099495061108	0.0	405596	2273.377802931853	0.07082451	0.75
14114.618012923138	750	39.850781018511604	0.0	350713	2420.213932099485	0.35848874	0.75
14118.707473562321	750	39.76132037933	0.0	386472	4089.460639181608	0.28093573	0.75
14123.394838793978	750	39.07395514767279	0.0	399894	4687.3652316572025	0.024778832	0.75
14127.531935137897	750	38.93685880375424	0.0	401853	4137.096343918551	0.011061429	0.75
14131.494658340269	750	38.97413560137965	0.0	343800	3962.723202374592	0.015435768	0.75
14136.307565455061	750	38.16122848658974	0.0	359903	4812.907114789906	0.007933086	0.75
14139.896991426362	750	38.57180251528795	0.0	379700	3589.4259713017987	0.0054644616	0.75
14142.489472500945	750	39.979321440705476	0.0	425781	2592.4810745824725	0.019122032	0.75
14144.003543209285	750	42.46525073236634	0.0	277716	1514.0707083391299	0.68907535	0.75
14147.030846079073	1200	43.43794786257611	0.0	622896	3027.3028697902305	0.26306194	0.75
14150.39046761471	1200	44.07832632693883	0.0	641447	3359.6215356372886	0.004705182	1.2
14152.903760352829	1200	45.565033588819624	0.0	570392	2513.292738119208	0.007935649	1.2
14157.236058389455	1200	45.2327355521938	0.0	620283	4332.298036625816	0.03634562	1.2
14164.658144253404	1200	41.81064968824338	0.0	584349	7422.085863950421	0.007602918	1.2
14168.43654839013	1200	42.0322455515178	0.0	670129	3778.4041367255754	0.004705182	1.2
14172.14088913846	1200	42.32790480318814	0.0	690253	3704.3407483296623	0.004705182	1.2
14175.67136484921	1200	42.79742909243812	0.0	598727	3530.475710750017	0.008351994	1.2
14178.401313686747	1200	44.067480254901625	0.0	487812	2729.948837536498	0.021976016	1.2
14181.068037781391	1200	45.400756160257245	0.0	575591	2666.7240946443803	0.07591338	1.2
14185.968320117214	2850	44.5004738244343	0.0	1427478	4900.282335822945	0.3217456	1.2000000000000002
14192.115879368846	2850	42.352914572801296	0.0	1402287	6147.559251633009	0.004705182	2.85
14197.605151778018	2850	40.86364216363056	0.0	1339500	5489.272409170734	0.004705182	2.85
14203.400649803321	2850	39.068144138326794	0.0	1527299	5795.498025303767	0.007296811	2.85
14208.131660264915	2850	38.337133676733444	0.0	1343002	4731.010461593353	0.01333995	2.85
14214.020463390209	2850	36.44833055144019	0.0	1587250	5888.803125293248	0.0316294	2.85
14218.549114497773	2850	35.91967944387553	0.0	1464921	4528.651107564662	0.032021675	2.85
14223.850864759515	2850	34.61792918213271	0.0	1483527	5301.750261742818	0.2535369	2.85
14228.477201973661	2850	33.99159196798728	0.0	1231456	4626.337214145432	0.17430203	2.85
14233.101880987007	2850	33.36691295464161	0.0	1364537	4624.679013345669	0.11229384	2.85

