3.974865311257283	750	4.0	3.974865311257283	450283	3974.865311257283	0.5	-16.341920838406317
5.1519843346805265	300	6.822880976576757	0.0	155580	1177.1190234232433	0.27492154	-0.15000000000000002
6.034174157632353	300	9.94069115362493	0.0	139857	882.1898229518268	0.47611183	0.3
7.04065372864605	300	12.934211582611233	0.0	155432	1006.4795710136967	0.13721417	0.3
8.06973631587329	300	15.905128995383992	0.0	163442	1029.0825872272417	0.56644076	0.3
8.753061103563354	300	19.221804207693932	0.0	126289	683.3247876900617	0.65219206	0.3
10.40387654552409	750	21.570988765733194	0.0	352642	1650.8154419607367	0.56783396	0.3
12.396273670218196	750	23.57859164103909	0.0	437162	1992.397124694105	0.113658436	0.75
14.105914414394716	750	25.86895089686257	0.0	374758	1709.64074417652	0.020035954	0.75
15.62426738140967	750	28.350597929847616	0.0	362795	1518.3529670149555	0.0069023203	0.75
18.002955669083487	750	29.9719096421738	0.0	353220	2378.688287673816	0.04988806	0.75
20.604514694450252	750	31.370350616807034	0.0	405134	2601.559025366766	0.005798829	0.75
22.19699826855052	750	33.77786704270677	0.0	386351	1592.4835741002692	0.0074669565	0.75
24.411452314014305	750	35.56341299724298	0.0	434409	2214.4540454637863	0.42258093	0.75
26.08185237007707	750	37.89301294118022	0.0	337059	1670.40005606276	0.46744162	0.75
28.06245664746918	750	39.91240866378811	0.0	366214	1980.6042773921097	0.6603883	0.75
30.94037374753743	1200	41.03449156371987	0.0	617242	2877.9171000682495	0.6754038	0.75
33.9310989730765	1200	42.043766338180795	0.0	581493	2990.7252255390677	0.0048477086	1.2
37.492104459557915	1200	42.48276085169938	0.0	639204	3561.005486481416	0.00583286	1.2
40.40436651602235	1200	43.57049879523495	0.0	586839	2912.262056464433	0.004705182	1.2
43.63520441050294	1200	44.33966090075435	0.0	601738	3230.8378944805927	0.004705182	1.2
46.31510109162691	1200	45.65976421963039	0.0	616206	2679.8966811239675	0.004705182	1.2
49.24048901107344	1200	46.734376300183854	0.0	656471	2925.3879194465308	0.004705182	1.2
51.659740742708415	1200	48.315124568548875	0.0	536667	2419.2517316349777	0.006562016	1.2
54.73692865271722	1200	49.23793665854008	0.0	587236	3077.1879100087995	0.009873602	1.2
58.05710283291233	1200	49.91776247834496	0.0	590335	3320.174180195116	0.009444695	1.2
61.51749254050309	1200	50.4573727707542	0.0	696376	3460.3897075907676	0.009241053	1.2
63.83589519483115	1200	52.138970116426144	0.0	487160	2318.402654328057	0.03636488	1.2
66.46649563709063	1200	53.50836967416666	0.0	622896	2630.6004422594833	0.0559622	1.2
70.01210258887396	1850	53.96276272238333	0.0	975811	3545.6069517833234	0.7582555	1.2000000000000002
74.77061039257529	2850	53.20425491868199	0.0	1341201	4758.507803701342	0.004705182	1.85
80.67707051475017	2850	51.297794796507105	0.0	1497683	5906.460122174879	0.004705182	2.85
86.67401671818466	2850	49.300848593072615	0.0	1358081	5996.946203434494	0.004705182	2.85
94.22864450363454	2850	45.74622080762274	0.0	1587293	7554.627785449879	0.004705182	2.85
100.66460232526599	2850	43.31026298599128	0.0	1492672	6435.95782163146	0.004705182	2.85
113.37112591151826	2850	34.603739399739005	0.0	1439896	12706.523586252275	0.004705182	2.85
119.89704090142637	2850	32.07782440983089	0.0	1139291	6525.914989908113	0.4959635	2.85
128.77791626048491	2850	27.196949050772353	0.0	1499009	8880.875359058535	0.004705182	2.85
143.7658320504125	2850	16.20903326084475	0.0	1427478	14987.915789927603	0.00510947	2.85
148.24154653185093	1200	15.733318779406341	0.0	587506	4475.714481438408	0.008935353	-0.44999999999999996
152.46176836715054	1200	15.513096944106746	0.0	566904	4220.221835299594	0.02083728	1.2
160.81381954800503	1200	11.161045763252249	0.0	641452	8352.051180854498	0.012339068	1.2
165.01482789498908	750	10.960037416268195	0.0	372093	4201.008346984054	0.022267396	0.3
168.61561819030103	750	11.359247120956256	0.0	438281	3600.7902953119383	0.012546471	0.75
171.4255253164392	750	12.549339994818071	0.0	398987	2809.907126138188	0.016850771	0.75
173.91417169383874	750	14.060693617418575	0.0	393804	2488.6463773994938	0.16588761	0.75
176.19331643558357	750	15.781548875673714	0.0	331053	2279.1447417448608	0.30862528	0.75
178.1141279817872	750	17.860737329470084	0.0	314107	1920.8115462036296	0.69579536	0.75

