1615.248247506978	750	4.0	2.342534869962582	450283	2342.534869962582	0.004705182	-9.322899940839102
1618.3265977945514	750	4.9216497124265635	0.0	398865	3078.3502875734366	0.0065481295	0.75
1619.9414484146778	750	7.306799092300231	0.0	350812	1614.8506201263315	0.31158072	0.75
1620.5814217554944	300	10.666825751483714	0.0	155432	639.9733408165175	0.029260779	-0.15000000000000002
1622.1603456913253	750	13.087901815652701	0.0	411561	1578.9239358310108	0.06214183	0.3
1623.2438084533976	750	16.00443905358044	0.0	318564	1083.4627620722608	0.0061535044	0.75
1624.4921351332139	750	18.756112373764147	0.0	352642	1248.3266798162927	0.023795992	0.75
1625.9250073854826	750	21.323240121495473	0.0	437162	1432.8722522686724	0.046357907	0.75
1627.0716553176612	750	24.17659218931686	0.0	374758	1146.6479321786132	0.6289878	0.75
1628.8858189749778	1200	26.362428532000063	0.0	560821	1814.1636573167973	0.19494785	0.75
1630.841712717444	1200	28.40653478953406	0.0	607410	1955.893742466005	0.0048580235	1.2
1632.9816337296304	1200	30.266613777347644	0.0	594078	2139.921012186415	0.004705182	1.2
1635.0952739938741	1200	32.152973513103746	0.0	624282	2113.640264243895	0.004705182	1.2
1639.2402386362871	1200	32.008008870690766	0.0	687371	4144.964642412984	0.004705182	1.2
1641.5442777411345	1200	33.70396976584343	0.0	526950	2304.0391048473275	0.0071261814	1.2
1644.007085340064	1200	35.241162166913945	0.0	587876	2462.8075989294866	0.004705182	1.2
1646.171259816308	1200	37.076987690669604	0.0	617242	2164.1744762443404	0.004705182	1.2
1648.1033470580523	1200	39.144900448925284	0.0	581493	1932.0872417443172	0.004705182	1.2
1650.1326575447201	1200	41.11558996225755	0.0	639204	2029.3104866677304	0.0063487375	1.2
1652.0274866481807	1200	43.220760858797036	0.0	586839	1894.8291034605136	0.02620465	1.2
1653.940584609767	1200	45.307662897210946	0.0	601738	1913.097961586091	0.09860662	1.2
1655.8652767822107	1200	47.3829707247672	0.0	616206	1924.692172443751	0.6553633	1.2
1660.6569930738137	2850	46.591254433163975	0.0	1505760	4791.716291603225	0.12046821	1.2000000000000002
1666.4654766550675	2850	44.782770851910364	0.0	1323990	5808.483581253609	0.004705182	2.85
1672.381982468417	2850	42.86626503856074	0.0	1383735	5916.50581334962	0.004705182	2.85
1677.9969892858164	2850	41.25125822116129	0.0	1480464	5615.006817399455	0.004705182	2.85
1684.0255206454212	2850	39.222726861556495	0.0	1547572	6028.531359604794	0.004705182	2.85
1690.8203744304913	2850	36.427873076486485	0.0	1141971	6794.853785070018	0.004705182	2.85
1698.4297774802626	2850	32.81847002671521	0.0	1498470	7609.403049771278	0.004705182	2.85
1707.851275086141	2850	27.39697242083674	0.0	1561263	9421.497605878465	0.0051516322	2.85
1716.5694963836597	2850	22.678751123318033	0.0	1341201	8718.221297518707	0.5449328	2.85
1727.3601207503978	2850	15.888126756580077	0.0	1497683	10790.624366737957	0.41240007	2.85
1732.3205187791996	1200	14.927728727778108	0.0	584349	4960.398028801968	0.004705182	-0.44999999999999996
1735.471164159709	750	15.777083347268684	0.0	412837	3150.645380509424	0.32820332	0.3
1739.3915034477352	750	15.856744059242422	0.0	401088	3920.3392880262645	0.14389108	0.75
1743.5696923114238	750	15.678555195553882	0.0	365161	4178.18886368854	0.020852512	0.75
1747.8942356483954	750	15.354011858582522	0.0	321064	4324.543336971358	0.006697771	0.75
1756.017617961149	750	11.230629545828778	0.0	361565	8123.382312753743	0.0057774764	0.75
1758.1299435887402	300	13.118303918237656	0.0	144254	2112.3256275911217	0.014126255	-0.15000000000000002
1761.0029182348146	300	14.245329272163282	0.0	149991	2872.974646074374	0.066355795	0.3
1763.8419736861024	300	15.406273820875684	0.0	147968	2839.0554512875983	0.021284396	0.3
1766.8698331071196	300	16.378414399858407	0.0	161857	3027.8594210172773	0.027893463	0.3
1768.4847440394315	300	18.763503467546595	0.0	145210	1614.9109323118141	0.062302575	0.3
1771.6233598319523	750	19.624887675025814	0.0	438281	3138.615792520783	0.4446896	0.3
1773.8454571907573	750	21.40279031622076	0.0	398987	2222.0973588050542	0.055248924	0.75
1778.2587390986878	1200	20.98950840829037	0.0	638661	4413.281907930389	0.5891791	0.75
1781.5226642354314	1200	21.72558327154688	0.0	538612	3263.925136743487	0.008510839	1.2
1784.623268271215	1200	22.624979235763384	0.0	550906	3100.604035783497	0.006748742	1.2

