3005.209672287643	750	4.0	5.84241140162946	450283	5842.41140162946	0.004705182	-24.372369027006677
3006.942953033374	300	6.266719254268797	0.0	155580	1733.2807457312028	0.004705182	-0.15000000000000002
3008.144241102454	300	9.065431185188647	0.0	139857	1201.2880690801505	0.0060678623	0.3
3009.445455077241	300	11.76421721040178	0.0	155432	1301.2139747868682	0.004705182	0.3
3010.7855232541287	300	14.424149033514515	0.0	163442	1340.0681768872635	0.026933365	0.3
3011.7924155506607	300	17.417256736982385	0.0	126289	1006.8922965321307	0.08919221	0.3
3012.9759261981985	300	20.233746089444637	0.0	153295	1183.5106475377472	0.023067646	0.3
3014.1933429454025	300	23.016329342240674	0.0	173849	1217.4167472039626	0.027405806	0.3
3015.2562312176874	300	25.953441069955467	0.0	150710	1062.8882722852063	0.081320934	0.3
3016.2504458144313	300	28.959226473211736	0.0	139105	994.2145967437319	0.3601237	0.3
3018.6783598676952	750	30.531312419947717	0.0	353220	2427.9140532640185	0.54993314	0.3
3021.198239589541	750	32.01143269810197	0.0	405134	2519.879721845744	0.030543542	0.75
3023.5653213810847	750	33.64435090655851	0.0	386351	2367.081791543468	0.0049559944	0.75
3026.237785604661	750	34.97188668298236	0.0	434409	2672.46422357615	0.004710784	0.75
3028.495664940202	750	36.71400734744115	0.0	337059	2257.879335541217	0.008123551	0.75
3030.7256010148926	750	38.484071272750725	0.0	366214	2229.9360746904213	0.009002969	0.75
3032.807991720936	750	40.40168056670724	0.0	360831	2082.3907060434867	0.03354173	0.75
3034.8241429239147	750	42.38552936372849	0.0	372963	2016.1512029787536	0.2055749	0.75
3040.300304240425	1200	40.909368047218635	0.0	639204	5476.161316509853	0.67425066	0.75
3045.7179172663346	750	39.49175502130877	0.0	350713	5417.613025909865	0.49952665	0.3
3050.7671759278587	750	38.44249635978424	0.0	386472	5049.258661524522	0.006590256	0.75
3058.2527186685857	750	34.956953619057295	0.0	399894	7485.542740726946	0.0048565124	0.75
3063.6521754892906	750	33.5574967983523	0.0	401853	5399.456820705007	0.004705182	0.75
3066.7248947909175	750	34.48477749672517	0.0	343800	3072.7193016271176	0.004705182	0.75
3070.708526400574	750	34.50114588706859	0.0	359903	3983.631609656583	0.0049304245	0.75
3074.4155890681254	750	34.794083219517	0.0	379700	3707.0626675515878	0.005227556	0.75
3078.394159844661	750	34.81551244298162	0.0	425781	3978.570776535382	0.006057789	0.75
3080.3052718761614	750	36.90440041148099	0.0	277716	1911.1120315006242	0.0134584	0.75
3082.7425883985875	750	38.46708388905493	0.0	400396	2437.3165224260583	0.19862267	0.75
3085.314414735549	750	39.8952575520939	0.0	400508	2571.8263369610336	0.6935732	0.75
3088.7962780716084	1200	40.41339421603428	0.0	570392	3481.8633360596195	0.32802784	0.75
3092.9481758392876	1200	40.26149644835509	0.0	620283	4151.897767679194	0.004705182	1.2
3095.8211262555333	1200	41.38854603210954	0.0	584349	2872.950416245552	0.004705182	1.2
3100.0497402920846	1200	41.15993199555854	0.0	670129	4228.614036551003	0.0073227948	1.2
3105.7212344864715	1200	39.48843780117146	0.0	690253	5671.494194387082	0.0061543453	1.2
3109.8059454748413	1200	39.40372681280184	0.0	598727	4084.7109883696157	0.004705182	1.2
3113.954476217663	1200	39.25519606998017	0.0	487812	4148.530742821671	0.006332774	1.2
3118.613583885281	1200	38.59608840236217	0.0	575591	4659.107667617999	0.004705182	1.2
3123.3852677155564	1200	37.82440457208645	0.0	605884	4771.683830275715	0.0053435424	1.2
3127.031092541155	1200	38.178579746488275	0.0	587506	3645.824825598174	0.0066777607	1.2
3131.126332631682	1200	38.08333965596112	0.0	566904	4095.240090527158	0.021435052	1.2
3135.755825335158	1200	37.453846952485094	0.0	641452	4629.492703476022	0.013502971	1.2
3139.4026864063544	1200	37.80698588128881	0.0	599477	3646.861071196286	0.026613465	1.2
3144.916099780164	1200	36.293572507479006	0.0	634861	5513.41337380981	0.11756317	1.2
3152.418587317539	1200	32.79108497010436	0.0	630203	7502.487537374648	0.024853272	1.2
3156.8611512288	1200	32.348521058843424	0.0	638661	4442.563911260932	0.004705182	1.2
3160.064172398951	1200	33.14549988869255	0.0	538612	3203.0211701508806	0.014111896	1.2
3163.3019417025375	1200	33.90773058510586	0.0	550906	3237.7693035866837	0.021505397	1.2

