4230.390990456486	750	4.0	2.572266498290951	450283	2572.266498290951	0.004705182	-10.310745942651089
4232.5351094355565	750	5.855881020930088	0.0	398865	2144.1189790699123	0.018192463	0.75
4239.308898510049	750	4.0	0.9179080535625963	350812	6773.789074492684	0.008501574	-3.197004630319164
4241.897771911551	300	5.4111265984976855	0.0	155432	2588.873401502315	0.004705182	-0.15000000000000002
4244.820036075271	300	6.488862434777878	0.0	163442	2922.2641637198076	0.004705182	0.3
4247.021041388941	300	8.287857121107965	0.0	126289	2201.0053136699134	0.004705182	0.3
4250.075421590368	300	9.233476919680362	0.0	153295	3054.380201427604	0.004705182	0.3
4253.892802787523	300	9.41609572252596	0.0	173849	3817.3811971544023	0.004705182	0.3
4256.581954717048	300	10.726943793001197	0.0	150710	2689.151929524762	0.004705182	0.3
4259.36976839053	300	11.939130119519348	0.0	139105	2787.81367348185	0.004705182	0.3
4262.731582403978	300	12.577316106070727	0.0	141840	3361.8140134486216	0.004705182	0.3
4265.774007299737	300	13.53489121031171	0.0	156148	3042.4248957590175	0.004705182	0.3
4268.159945903972	300	15.148952606077124	0.0	160746	2385.938604234586	0.004705182	0.3
4270.430708962929	300	16.878189547119348	0.0	179801	2270.7630589577734	0.004705182	0.3
4272.2646161365665	300	19.04428237348231	0.0	140051	1833.90717363704	0.004705182	0.3
4274.057845596756	300	21.25105291329274	0.0	138313	1793.2294601895715	0.004705182	0.3
4275.807111778985	300	23.501786731063987	0.0	143509	1749.266182228753	0.004705182	0.3
4277.439371296115	300	25.869527213934756	0.0	150616	1632.259517129233	0.006961712	0.3
4279.080836024193	300	28.228062485855897	0.0	165384	1641.4647280788547	0.028143793	0.3
4280.197262993096	300	31.11163551695244	0.0	140881	1116.4269689034584	0.17606187	0.3
4281.341679340398	300	33.96721916965053	0.0	157671	1144.416347301914	0.6793889	0.3
4283.2598310294925	750	36.04906748055575	0.0	399894	1918.1516890947792	0.08226662	0.3
4285.496879858829	750	37.8120186512192	0.0	401853	2237.048829336548	0.21581587	0.75
4287.030983005639	750	40.277915504408696	0.0	343800	1534.1031468105082	0.53224754	0.75
4290.888648600669	1200	40.420249909379635	0.0	587236	3857.665595029058	0.095228106	0.75
4300.835478763805	1200	34.473419746242875	0.0	590335	9946.830163136756	0.008082991	1.2
4312.949806893628	1200	26.359091616420397	0.0	696376	12114.328129822483	0.39412877	1.2
4317.834978935128	750	25.473919574920785	0.0	277716	4885.172041499611	0.47931847	0.3
4323.243557958653	750	24.065340551396694	0.0	400396	5408.579023524091	0.06992473	0.75
4327.929577582151	750	23.379320927898494	0.0	400508	4686.0196234981995	0.010287898	0.75
4331.119515919076	750	24.18938259097401	0.0	358218	3189.938336924487	0.00474392	0.75
4334.268630645893	750	25.040267864156828	0.0	400322	3149.1147268171817	0.00624223	0.75
4340.276778203557	750	23.03212030649192	0.0	369834	6008.147557664912	0.019252328	0.75
4344.636120402822	750	22.672778107227554	0.0	412837	4359.3421992643625	0.004705182	0.75
4348.393537529483	750	22.915360980565353	0.0	401088	3757.4171266621984	0.004705182	0.75
4353.0025867820905	750	22.306311727958708	0.0	365161	4609.049252606647	0.0073088193	0.75
4355.472183986417	750	23.836714523632025	0.0	321064	2469.5972043266825	0.0047230464	0.75
4357.578090685376	750	25.730807824672862	0.0	361565	2105.9066989591615	0.035918213	0.75
4361.917373761255	1200	25.391524748794787	0.0	605884	4339.2830758780765	0.6516266	0.75
4365.830998713785	1200	25.477899796263433	0.0	587506	3913.6249525313547	0.019600121	1.2
4370.035980808191	1200	25.272917701858315	0.0	566904	4204.982094405115	0.007186603	1.2
4373.657085302148	1200	25.651813207901565	0.0	641452	3621.1044939567482	0.0056843814	1.2
4377.074726920562	1200	26.23417158948745	0.0	599477	3417.641618414116	0.005819902	1.2
4381.7169013425255	1200	25.59199716752429	0.0	634861	4642.174421963158	0.006382392	1.2
4389.2488831190885	1200	22.060015390960665	0.0	630203	7531.981776563629	0.006909621	1.2
4402.488513343503	1200	12.820385166546124	0.0	638661	13239.630224414539	0.010552437	1.2
4404.6881007281645	300	14.620797781884376	0.0	137507	2199.5873846617496	0.0064169317	-0.6000000000000001
4407.963348089913	750	15.345550420136046	0.0	314107	3275.24736174833	0.6364408	0.3

