14235.66809737128	750	4.0	2.566216384271528	450283	2566.216384271528	0.07936921	-10.28473045236757
14237.576864068129	750	6.09123330315046	0.0	398865	1908.7666968495396	0.01758422	0.75
14238.794690289405	750	8.873407081871683	0.0	350812	1217.8262212787765	0.004705182	0.75
14240.144628665259	750	11.523468706018921	0.0	382355	1349.938375852762	0.004705182	0.75
14241.549319500247	750	14.118777871030293	0.0	411561	1404.6908349886276	0.00524893	0.75
14242.549299245316	750	17.118798125961007	0.0	318564	999.9797450692872	0.053911	0.75
14243.684469705313	750	19.983627665964015	0.0	352642	1135.1704599969912	0.42423064	0.75
14245.155111244789	750	22.512986126489025	0.0	437162	1470.6415394749904	0.69104743	0.75
14247.394993759503	1200	24.27310361177501	0.0	584846	2239.882514714012	0.40055707	0.75
14249.160112808519	1200	26.507984562759543	0.0	560821	1765.1190490154706	0.014355143	1.2
14251.119961078979	1200	28.54813629229931	0.0	607410	1959.8482704602325	0.004705182	1.2
14253.234899202422	1200	30.433198168857356	0.0	594078	2114.9381234419548	0.004705182	1.2
14256.464688928909	1200	31.203408442368666	0.0	624282	3229.7897264886897	0.004705182	1.2
14259.50912665048	1200	32.15897072079844	0.0	687371	3044.43772157022	0.005922643	1.2
14261.592823370087	1200	34.07527400119138	0.0	526950	2083.696719607062	0.004705182	1.2
14263.950845278614	1200	35.71725209266518	0.0	587876	2358.021908526203	0.004705182	1.2
14266.43752953799	1200	37.230567833287054	0.0	617242	2486.684259378127	0.004705182	1.2
14268.881683057263	1200	38.78641431401513	0.0	581493	2444.153519271919	0.004705182	1.2
14271.283324049424	1200	40.384773321854446	0.0	639204	2401.6409921606864	0.004705182	1.2
14274.044373666215	1200	41.62372370506517	0.0	586839	2761.0496167892757	0.0058165784	1.2
14276.889283504714	1200	42.778813866565685	0.0	601738	2844.909838499476	0.004705182	1.2
14280.492094321635	1200	43.17600304964485	0.0	616206	3602.810816920844	0.0049674097	1.2
14283.964455294303	1200	43.703642076976564	0.0	656471	3472.3609726682816	0.004705182	1.2
14286.987165520899	1200	44.68093185038122	0.0	536667	3022.7102265953426	0.004928197	1.2
14292.505150691262	1200	43.16294668001814	0.0	587236	5517.985170363075	0.004705182	1.2
14298.796483786784	1200	40.87161358449564	0.0	590335	6291.333095522498	0.004705182	1.2
14305.168945866546	1200	38.49915150473373	0.0	696376	6372.46207976191	0.014481821	1.2
14311.068159211538	1200	36.59993815974132	0.0	487160	5899.213344992408	0.014342881	1.2
14315.761961246637	1200	35.90613612464284	0.0	622896	4693.802035098477	0.24502571	1.2
14319.55584179579	1200	36.11225557549104	0.0	641447	3793.8805491518037	0.02811855	1.2
14322.510177749282	1200	37.15791962199901	0.0	570392	2954.335953492036	0.004705182	1.2
14325.51929115797	1200	38.148806213309705	0.0	620283	3009.1134086893003	0.004705182	1.2
14328.49264141191	1200	39.175455959369124	0.0	584349	2973.35025394058	0.005083554	1.2
14331.337295514295	1200	40.33080185698521	0.0	670129	2844.654102383911	0.007242596	1.2
14335.241646737099	1200	40.4264506341806	0.0	690253	3904.351222804613	0.061671045	1.2
14338.832721396928	1200	40.83537597434989	0.0	598727	3591.0746598307105	0.029599352	1.2
14341.90364455204	1200	41.76445281924003	0.0	487812	3070.9231551098655	0.087972336	1.2
14345.514613432833	1200	42.153483938444474	0.0	575591	3610.9688807955536	0.059585605	1.2
14350.602695975285	1200	41.06540139599384	0.0	605884	5088.082542450631	0.19310378	1.2
14358.330257495863	1200	37.33783987541637	0.0	587506	7727.561520577464	0.023344198	1.2
14362.228511881922	1200	37.43958548935884	0.0	566904	3898.2543860575315	0.004705182	1.2
14366.246412318056	1200	37.421685053223726	0.0	641452	4017.900436135108	0.00527036	1.2
14371.031041673094	1200	36.6370556981854	0.0	599477	4784.629355038331	0.0134109715	1.2
14376.07743386367	1200	35.59066350761015	0.0	634861	5046.392190575252	0.008947632	1.2
14381.07925198652	1200	34.58884538475884	0.0	630203	5001.818122851312	0.017083291	1.2
14387.413006993824	1200	32.25509037745424	0.0	638661	6333.755007304599	0.03668957	1.2
14393.777365166156	1200	29.89073220512371	0.0	538612	6364.358172330524	0.008305091	1.2
14397.344357379501	1200	30.323739991776762	0.0	550906	3566.9922133469513	0.004705182	1.2

