13555.053953527118	750	4.0	2.322935537655054	450283	2322.935537655054	0.004729571	-9.238622811916732
13558.530217625299	750	4.523735901820231	0.0	398865	3476.264098179768	0.0061536045	0.75
13561.185950169562	750	5.868003357558568	0.0	350812	2655.732544261663	0.68546855	0.75
13562.379698379025	300	8.674255148095181	0.0	155432	1193.7482094633874	0.43510044	-0.15000000000000002
13563.627698589886	300	11.426254937235054	0.0	163442	1248.0002108601266	0.1434337	0.3
13565.691498785614	750	13.362454741505566	0.0	318564	2063.8001957294887	0.4021151	0.3
13567.991993224101	750	15.061960303019125	0.0	352642	2300.494438486441	0.2712291	0.75
13570.892100802059	750	16.161852725061927	0.0	437162	2900.107577957199	0.6049239	0.75
13575.359698416773	1200	15.694255110347749	0.0	584846	4467.597614714176	0.64819646	0.75
13578.328910617684	750	16.725042909437676	0.0	362795	2969.212200910074	0.4005513	0.3
13585.184463133162	1850	13.869490393957983	0.0	939819	6855.552515479691	0.65523756	0.75
13587.90724439567	750	15.14670913145105	0.0	405134	2722.7812625069328	0.19277786	-0.3500000000000001
13590.583504920107	750	16.470448607014557	0.0	386351	2676.260524436491	0.65643764	0.75
13591.80377475853	300	19.250178768591628	0.0	179801	1220.26983842293	0.6953492	-0.15000000000000002
13592.770846622852	300	22.283106904268543	0.0	140051	967.0718643230861	0.21737467	0.3
13593.722706553031	300	25.33124697408962	0.0	138313	951.8599301789233	0.3446176	0.3
13596.903349958662	750	26.150603568458326	0.0	360831	3180.6434056312924	0.69663966	0.3
13599.868457500525	750	27.18549602659545	0.0	372963	2965.107541862877	0.06679699	0.75
13605.898091907457	750	25.15586161966391	0.0	405596	6029.634406931542	0.007952264	0.75
13608.878398820623	750	26.175554706497536	0.0	350713	2980.3069131663733	0.5332973	0.75
13611.021346968475	750	28.032606558645288	0.0	386472	2142.948147852251	0.014615548	0.75
13612.603983846042	750	30.449969681078144	0.0	399894	1582.6368775671415	0.006332457	0.75
13614.261875938559	750	32.79207758856116	0.0	401853	1657.8920925169812	0.6590144	0.75
13617.807060858999	1200	33.24689266812147	0.0	536667	3545.1849204397054	0.15262589	0.75
13624.056097772422	1200	30.997855754697675	0.0	587236	6249.03691342379	0.04026091	1.2
13627.530091762306	1200	31.523861764813518	0.0	590335	3473.993989884153	0.62841225	1.2
13630.717680135995	1200	32.3362733911249	0.0	696376	3187.588373688622	0.029630428	1.2
13632.631314382523	1200	34.42263914459727	0.0	487160	1913.6342465276334	0.004705182	1.2
13635.196584028821	1200	35.85736949829885	0.0	622896	2565.269646298421	0.004705182	1.2
13638.102345600126	1200	36.95160792699361	0.0	641447	2905.761571305246	0.00802551	1.2
13640.518016890284	1200	38.53593663683558	0.0	570392	2415.6712901580327	0.0166233	1.2
13643.225096226737	1200	39.828857300382914	0.0	620283	2707.0793364526626	0.030015845	1.2
13645.560762957128	1200	41.493190569992535	0.0	584349	2335.6667303903787	0.088156864	1.2
13652.251350032726	2850	38.80260349439333	0.0	1587293	6690.587075599198	0.65891105	1.2000000000000002
13658.13454167953	2850	36.919411847591	0.0	1492672	5883.191646802335	0.004705182	2.85
13663.863913477842	2850	35.19004004927919	0.0	1439896	5729.3717983118095	0.004705182	2.85
13668.725802445471	2850	34.32815108164878	0.0	1139291	4861.88896763041	0.004705182	2.85
13675.291366521426	2850	31.762587005694062	0.0	1499009	6565.564075954718	0.004705182	2.85
13684.741550467596	2850	26.312403059524797	0.0	1427478	9450.183946169267	0.004705182	2.85
13693.266460942565	2850	21.787492584555483	0.0	1402287	8524.910474969316	0.025002131	2.85
13700.244304506456	2850	18.809649020662807	0.0	1339500	6977.843563892676	0.0141656445	2.85
13708.295179353809	2850	14.758774173309957	0.0	1527299	8050.874847352851	0.00473808	2.85
13715.88857267588	2850	11.165380851238572	0.0	1343002	7593.393322071386	0.3098456	2.85
13720.256885772054	1200	10.797067755063425	0.0	634861	4368.313096175147	0.017445017	-0.44999999999999996
13723.879269733627	1200	11.17468379349215	0.0	630203	3622.383961571275	0.020990543	1.2
13726.706925362438	1200	12.347028164680651	0.0	638661	2827.6556288115	0.0048141326	1.2
13728.970533790512	1200	14.083419736606027	0.0	538612	2263.608428074624	0.004705182	1.2
13731.375178578868	1200	15.67877494824917	0.0	550906	2404.644788356857	0.009303399	1.2

