15289.191997032833	750	4.0	1.9602828539084163	450283	1960.2828539084162	0.0069687995	-7.67921627180619
15291.3766851516	750	5.815311881233627	0.0	398865	2184.6881187663726	0.004705182	0.75
15292.938196345978	750	8.253800686855161	0.0	350812	1561.5111943784655	0.0060849385	0.75
15294.37863154543	750	10.813365487401867	0.0	382355	1440.4351994532958	0.0083842045	0.75
15296.154287302996	750	13.037709729836955	0.0	411561	1775.655757564912	0.004705182	0.75
15297.560193301055	750	15.631803731775761	0.0	318564	1405.9059980611946	0.0053001316	0.75
15299.275707753975	750	17.91628927885607	0.0	352642	1715.5144529196882	0.010015108	0.75
15301.717745690697	750	19.47425134213344	0.0	437162	2442.0379367226355	0.015112912	0.75
15303.042278065735	750	22.149718967096195	0.0	374758	1324.5323750372393	0.012653176	0.75
15304.152664768462	750	25.03933226436817	0.0	362795	1110.3867027280235	0.045364108	0.75
15306.43371823209	1200	26.758278800741454	0.0	607410	2281.0534636267175	0.48317787	0.75
15309.680312289804	1200	27.511684743027523	0.0	594078	3246.5940577139286	0.013906914	1.2
15314.907069532419	1200	26.28492750041227	0.0	624282	5226.7572426152565	0.23828833	1.2
15318.72355231673	750	26.468444716101168	0.0	434409	3816.4827843111	0.12504442	0.3
15321.397270031324	750	27.794727001507116	0.0	337059	2673.717714594052	0.005160889	0.75
15324.335350523686	750	28.85664650914436	0.0	366214	2938.0804923627584	0.0047069695	0.75
15327.281437713775	750	29.910559319057143	0.0	360831	2946.0871900872157	0.004705182	0.75
15330.659340987006	750	30.532656045825064	0.0	372963	3377.903273232079	0.004705182	0.75
15334.727947776253	750	30.464049256578406	0.0	405596	4068.6067892466594	0.004705182	0.75
15337.484734801594	750	31.707262231236843	0.0	350713	2756.7870253415604	0.004705182	0.75
15339.986189425055	750	33.20580760777538	0.0	386472	2501.4546234614622	0.004705182	0.75
15342.506284481065	750	34.68571255176491	0.0	399894	2520.0950560104643	0.008290258	0.75
15344.131680615654	750	37.060316417175386	0.0	401853	1625.3961345895211	0.03640721	0.75
15346.440258142331	1200	38.75173889049881	0.0	536667	2308.5775266765813	0.15439548	0.75
15349.510015269834	1200	39.681981762995186	0.0	587236	3069.7571275036134	0.004705182	1.2
15352.203252637093	1200	40.988744395735864	0.0	590335	2693.2373672593258	0.004705182	1.2
15355.964130005068	1200	41.22786702776236	0.0	696376	3760.8773679735014	0.0047439914	1.2
15358.53872169926	1200	42.65327533356951	0.0	487160	2574.59169419285	0.0058056614	1.2
15361.729430284971	1200	43.46256674785822	0.0	622896	3190.708585711291	0.005488442	1.2
15365.269961422913	1200	43.92203560991676	0.0	641447	3540.531137941453	0.008984021	1.2
15367.750108970185	1200	45.44188806264451	0.0	570392	2480.147547272255	0.018101051	1.2
15370.573323841356	1200	46.618673191474	0.0	620283	2823.214871170507	0.09657029	1.2
15373.229116348228	1200	47.962880684602915	0.0	584349	2655.7925068710797	0.4905568	1.2
15382.123923636876	2850	43.06807339595521	0.0	1587293	8894.80728864771	0.7264731	1.2000000000000002
15388.905897693456	2850	40.28609933937616	0.0	1492672	6781.974056579046	0.004705182	2.85
15394.581440636644	2850	38.610556396187235	0.0	1439896	5675.542943188925	0.004705182	2.85
15397.987204654228	2850	39.20479237860413	0.0	1139291	3405.7640175831	0.004705182	2.85
15403.944963377928	2850	37.24703365490406	0.0	1499009	5957.758723700074	0.0049579507	2.85
15408.3832117462	2850	36.808785286631355	0.0	1427478	4438.248368272701	0.004705182	2.85
15411.209445084027	2850	37.98255194880706	0.0	1402287	2826.233337824299	0.009108879	2.85
15414.934222254804	2850	38.257774778029365	0.0	1339500	3724.7771707776947	0.43376285	2.85
15420.863541698673	4300	36.32845533416039	0.0	2184571	5929.31944386898	0.41662875	2.8499999999999996
15426.636572970645	4300	34.555424062186866	0.0	2121928	5773.031271973525	0.004705182	4.3
15431.844938741884	4300	33.3470582909484	0.0	2219102	5208.365771238467	0.004705182	4.3
15436.810000513773	4300	32.38199651905907	0.0	2124950	4965.061771889326	0.004705182	4.3
15442.561247056923	4300	30.6307499759085	0.0	2246506	5751.2465431505725	0.004705182	4.3
15448.595665730272	4300	28.596331302560635	0.0	1961140	6034.418673347865	0.004705182	4.3
15455.204371215788	4300	25.987625817043654	0.0	2155012	6608.705485516984	0.004705182	4.3

