21127.164348099803	750	4.0	3.998697299309292	450283	3998.697299309292	0.05561284	-16.444398387029956
21128.54632669289	300	6.61802140691262	0.0	155580	1381.9785930873804	0.25398517	-0.15000000000000002
21129.985671392835	300	9.178676706968677	0.0	139857	1439.3446999439418	0.1517311	0.3
21131.27540182892	300	11.888946270885826	0.0	155432	1289.730436082851	0.0071852887	0.3
21132.51081812899	300	14.65352997081187	0.0	163442	1235.416300073955	0.11741909	0.3
21133.503405595093	300	17.66094250470829	0.0	126289	992.5874661035782	0.25834987	0.3
21135.360538508816	300	19.80380959098419	0.0	153295	1857.1329137241003	0.05114957	0.3
21139.827955643505	300	19.336392456296576	0.0	173849	4467.417134687614	0.015190355	0.3
21143.59911953082	300	19.565228568982885	0.0	150710	3771.1638873136912	0.004705182	0.3
21146.710525564195	300	20.45382253560794	0.0	139105	3111.406033374943	0.004705182	0.3
21149.287078020356	300	21.877270079444056	0.0	141840	2576.5524561638845	0.004705182	0.3
21151.46142352302	300	23.702924576779598	0.0	156148	2174.34550266446	0.004705182	0.3
21153.62541327667	300	25.538934823132234	0.0	160746	2163.9897536473645	0.004705182	0.3
21156.223136611025	300	26.94121148877566	0.0	179801	2597.7233343565717	0.004908877	0.3
21158.180612736378	300	28.983735363424408	0.0	140051	1957.4761253512545	0.0054764813	0.3
21159.815804621143	300	31.348543478662627	0.0	138313	1635.1918847617796	0.012478072	0.3
21161.507086585614	300	33.65726151419023	0.0	143509	1691.2819644723907	0.06773964	0.3
21163.55486326532	300	35.60948483448437	0.0	150616	2047.776679705863	0.20965667	0.3
21165.70969220526	300	37.454655894546136	0.0	165384	2154.8289399382365	0.487972	0.3
21168.890269892818	750	38.274078206985614	0.0	350713	3180.5776875605256	0.57867604	0.3
21173.053678311477	750	38.11066978832515	0.0	386472	4163.408418660467	0.004705182	0.75
21176.25389526702	750	38.910452832785275	0.0	399894	3200.216955539869	0.004705182	0.75
21180.553088156128	750	38.61125994367417	0.0	401853	4299.192889111102	0.0057636304	0.75
21184.32152785076	750	38.84282024904184	0.0	343800	3768.439694632332	0.0053002313	0.75
21188.05588558804	750	39.108462511756606	0.0	359903	3734.3577372852387	0.0061412947	0.75
21191.851281164334	750	39.313066935467404	0.0	379700	3795.3955762891997	0.009057455	0.75
21196.98194146797	750	38.18240663182914	0.0	425781	5130.660303638264	0.018591847	0.75
21201.415265028638	750	37.74908307116349	0.0	277716	4433.323560665645	0.015529584	0.75
21209.144714343256	750	34.01963375654363	0.0	400396	7729.449314619866	0.0050956006	0.75
21214.492114101828	750	32.672233997973414	0.0	400508	5347.399758570211	0.004705182	0.75
21219.20319664038	750	31.96115145942045	0.0	358218	4711.082538552967	0.004705182	0.75
21225.33322564252	750	29.831122457279687	0.0	400322	6130.029002140765	0.004705182	0.75
21229.577610778808	750	29.586737320990252	0.0	369834	4244.385136289434	0.004705182	0.75
21233.881731405538	750	29.282616694262774	0.0	412837	4304.120626727474	0.0061735343	0.75
21237.619337007007	750	29.545011092792176	0.0	401088	3737.6056014705987	0.01188542	0.75
21240.57841182331	750	30.58593627649195	0.0	365161	2959.0748163002277	0.049039755	0.75
21244.554171394844	750	30.610176704956917	0.0	321064	3975.7595715350335	0.32713118	0.75
21250.135529710784	750	29.028818389014415	0.0	361565	5581.358315942503	0.057088405	0.75
21253.88976065428	750	29.27458744551652	0.0	378327	3754.230943497892	0.020485202	0.75
21256.81734846075	750	30.346999639050466	0.0	390680	2927.5878064660537	0.192127	0.75
21260.758146554086	1200	30.406201545713635	0.0	566904	3940.798093336831	0.6567491	0.75
21264.789390869304	1200	30.374957230496133	0.0	641452	4031.244315217503	0.0055426764	1.2
21269.86556722129	1200	29.298780878510232	0.0	599477	5076.1763519859005	0.0065338425	1.2
21274.628502287884	1200	28.535845811919316	0.0	634861	4762.935066590914	0.004705182	1.2
21279.66165553561	1200	27.502692564194163	0.0	630203	5033.153247725153	0.0056555714	1.2
21285.510114136403	1200	25.654233963399292	0.0	638661	5848.458600794872	0.0048335805	1.2
21289.650808154427	1200	25.5135399453743	0.0	538612	4140.69401802499	0.00471436	1.2
21293.492384689656	1200	25.67196341014561	0.0	550906	3841.576535228689	0.004705182	1.2

