13026.233233357627	750	4.0	4.146410706663652	450283	4146.4107066636525	0.0077613904	-17.079566038653706
13027.353535859782	300	6.879697497844862	0.0	155580	1120.3025021551377	0.15284456	-0.15000000000000002
13028.382479021404	300	9.850754336222511	0.0	139857	1028.9431616223508	0.5528329	0.3
13029.503424431094	300	12.729808926533472	0.0	155432	1120.945409689039	0.037450865	0.3
13030.664459391664	300	15.568773965961913	0.0	163442	1161.0349605715603	0.3335523	0.3
13032.922408566086	750	17.310824791540792	0.0	318564	2257.949174421121	0.47791463	0.3
13035.839061926574	750	18.39417143105199	0.0	352642	2916.653360488805	0.6886742	0.75
13037.112958181593	300	21.120275176031544	0.0	173849	1273.8962550204462	0.59196395	-0.15000000000000002
13038.420053473892	300	23.81317988373398	0.0	150710	1307.0952922975634	0.20018022	0.3
13039.488410147	300	26.744823210626055	0.0	139105	1068.3566731079245	0.19636501	0.3
13040.629808292966	300	29.603425064659525	0.0	141840	1141.3981459665285	0.32255697	0.3
13044.838223444918	750	29.39500991270764	0.0	405134	4208.4151519518855	0.44573164	0.3
13050.311880970383	750	27.921352387243175	0.0	386351	5473.657525464461	0.32508442	0.75
13059.87745320527	750	22.355780152355784	0.0	434409	9565.572234887393	0.68110335	0.75
13061.864941720438	300	24.368291637189685	0.0	140051	1987.4885151660972	0.004705182	-0.15000000000000002
13064.205084925781	300	26.028148431845636	0.0	138313	2340.1432053440494	0.006840185	0.3
13066.325565918947	300	27.907667438680217	0.0	143509	2120.4809931654163	0.0068119685	0.3
13067.971014308718	300	30.262219048909525	0.0	150616	1645.4483897706928	0.010287246	0.3
13069.448415052953	300	32.7848183046717	0.0	165384	1477.4007442378254	0.061118186	0.3
13070.759601566037	300	35.47363179158922	0.0	140881	1311.1865130824804	0.6589899	0.3
13074.345905401977	750	35.887327955650164	0.0	386472	3586.3038359390607	0.4961568	0.3
13077.925741990819	750	36.30749136680702	0.0	399894	3579.83658884314	0.004765218	0.75
13082.523909055632	750	35.70932430199419	0.0	401853	4598.167064812834	0.004705182	0.75
13088.781165831497	750	33.45206752612864	0.0	343800	6257.256775865547	0.004705182	0.75
13094.108489220416	750	32.124744137208886	0.0	359903	5327.323388919749	0.0048090355	0.75
13098.706771774849	750	31.526461582777006	0.0	379700	4598.282554431881	0.004705182	0.75
13104.817246098615	750	29.415987259011008	0.0	425781	6110.4743237659995	0.004705182	0.75
13109.44625853876	750	28.786974818868714	0.0	277716	4629.01244014229	0.004705182	0.75
13115.675324932101	750	26.55790842552662	0.0	400396	6229.066393342095	0.004705182	0.75
13127.17205296518	750	19.06118039244738	0.0	400508	11496.728033079244	0.004705182	0.75
13129.827559285535	300	20.405674072092594	0.0	157421	2655.5063203547834	0.078225724	-0.15000000000000002
13131.489404779164	300	22.7438285784639	0.0	157488	1661.8454936286957	0.19753271	0.3
13136.36648379214	750	21.866749565486185	0.0	369834	4877.079012977716	0.6167592	0.3
13141.196677982118	750	21.03655537550845	0.0	412837	4830.194189977737	0.028919168	0.75
13145.935356012988	750	20.2978773446403	0.0	401088	4738.678030868149	0.010333576	0.75
13149.704005212638	750	20.52922814498954	0.0	365161	3768.6491996507625	0.004885554	0.75
13153.494286791649	750	20.738946565978893	0.0	321064	3790.281579010645	0.004705182	0.75
13158.651467113224	750	19.581766244402097	0.0	361565	5157.180321576794	0.005217448	0.75
13163.220100411825	750	19.013132945802518	0.0	378327	4568.633298599579	0.005097303	0.75
13168.841070740746	750	17.392162616880626	0.0	390680	5620.9703289218905	0.0047123334	0.75
13172.792782112945	750	17.44045124468203	0.0	345516	3951.7113721985947	0.004705182	0.75
13177.10188170121	750	17.131351656415607	0.0	384505	4309.099588266425	0.004705182	0.75
13179.843280951955	750	18.389952405672208	0.0	372093	2741.399250743396	0.005329087	0.75
13182.930142056453	750	19.303091301171733	0.0	438281	3086.8611045004727	0.1200764	0.75
13188.31134058561	1200	17.921892772015216	0.0	630203	5381.198529156519	0.63568795	0.75
13193.410048002406	1200	16.823185355217714	0.0	638661	5098.707416797504	0.11390652	1.2
13198.289916825002	1200	15.943316532623324	0.0	538612	4879.868822594387	0.029459365	1.2
13203.226680692173	1200	15.006552665452903	0.0	550906	4936.7638671704235	0.1396811	1.2

