24503.738473668694	750	4.0	1.7282306058808998	450283	1728.2306058809	0.004705182	-6.681391605287869
24505.53266595321	750	6.205807715481606	0.0	398865	1794.1922845183947	0.004705182	0.75
24507.283710108873	750	8.454763559820275	0.0	350812	1751.0441556613293	0.004705182	0.75
24508.941843374105	750	10.796630294589859	0.0	382355	1658.1332652304168	0.011261362	0.75
24510.731327476726	750	13.007146191966463	0.0	411561	1789.4841026233955	0.0053217243	0.75
24511.8662909214	750	15.872182747288894	0.0	318564	1134.9634446775688	0.0051434636	0.75
24512.661375047428	750	19.07709862126419	0.0	352642	795.0841260247032	0.009532398	0.75
24514.066243242876	1200	21.672230425814703	0.0	709534	1404.8681954494855	0.327346	0.75
24515.18753068268	1200	24.550942986009424	0.0	584846	1121.2874398052813	0.004705182	1.2
24516.440201619043	1200	27.298272049644435	0.0	560821	1252.6709363649898	0.0077407295	1.2
24517.919678959224	1200	29.81879470946536	0.0	607410	1479.4773401790726	0.029357586	1.2
24519.22215670856	1200	32.5163169601299	0.0	594078	1302.4777493354618	0.13710147	1.2
24522.21439993518	2850	33.52407373351141	0.0	1422919	2992.243226618492	0.21627961	1.2000000000000002
24525.253477519695	2850	34.4849961489955	0.0	1578343	3039.077584515912	0.017650532	2.85
24527.74226125754	2850	35.99621241114938	0.0	1231445	2488.783737846122	0.14186342	2.85
24530.44968937853	2850	37.28878429015893	0.0	1471065	2707.4281209904475	0.048531532	2.85
24533.55095219434	2850	38.18752147435269	0.0	1491626	3101.262815806233	0.13195188	2.85
24536.60024445505	2850	39.13822921364058	0.0	1358801	3049.292260712112	0.18051475	2.85
24540.51959847659	2850	39.21887519210178	0.0	1537156	3919.354021538806	0.13371307	2.85
24544.241053153193	2850	39.49742051549607	0.0	1336050	3721.4546766057088	0.07491443	2.85
24547.559745900428	2850	40.17872776826626	0.0	1415116	3318.6927472298057	0.04826147	2.85
24551.358927944744	2850	40.379545723948254	0.0	1468126	3799.1820443180054	0.0602094	2.85
24556.039035876565	2850	39.69943779212991	0.0	1505760	4680.107931818337	0.031054486	2.85
24559.208160549868	2850	40.530313118827095	0.0	1323990	3169.124673302827	0.013611035	2.85
24562.28793692712	2850	41.450536741572655	0.0	1383735	3079.7763772544345	0.026212242	2.85
24567.939345537045	2850	39.79912813164943	0.0	1480464	5651.408609923221	0.047110066	2.85
24573.19151915322	2850	38.54695451546931	0.0	1547572	5252.173616180125	0.004705182	2.85
24575.786366662127	2850	39.952107006564596	0.0	1141971	2594.8475089047142	0.0091754	2.85
24579.336033831005	2850	40.40243983768559	0.0	1498470	3549.66716887901	0.026490467	2.85
24582.631301091475	2850	41.10717257721736	0.0	1561263	3295.2672604682275	0.07295752	2.85
24586.927027784946	4300	40.811445883745456	0.0	2113193	4295.726693471901	0.5823356	2.8499999999999996
24591.32801704604	4300	40.41045662265358	0.0	2147852	4400.989261091886	0.004705182	4.3
24597.853892670108	4300	37.88458099858719	0.0	2191074	6525.875624066384	0.004705182	4.3
24603.736581156973	4300	36.001892511721614	0.0	2286761	5882.68848686558	0.0047085606	4.3
24609.834306435212	4300	33.904167233480536	0.0	2307787	6097.725278241079	0.004705182	4.3
24615.16088806359	4300	32.577585605100275	0.0	2143948	5326.581628380261	0.004705182	4.3
24623.763580844017	4300	27.974892824672146	0.0	1919781	8602.692780428128	0.004705182	4.3
24633.104906111996	4300	22.63356755669522	0.0	2147467	9341.325267976927	0.5596729	4.3
24638.480752317802	4300	21.257721350891753	0.0	2133870	5375.8462058034675	0.48937374	4.3
24648.424728369893	4300	15.313745298801537	0.0	2146120	9943.976052090215	0.38567305	4.3
24658.553481609306	2850	9.184992059387366	0.0	1339500	10128.753239414173	0.004705182	1.4000000000000001
24661.63735561273	1200	10.101118055965346	0.0	641452	3083.8740034220195	0.03804565	-0.44999999999999996
24664.16454046087	1200	11.573933207819561	0.0	599477	2527.1848481457855	0.006329241	1.2
24666.270906554004	1200	13.467567114691256	0.0	634861	2106.366093128305	0.004705182	1.2
24667.573558655422	1200	16.16491501327256	0.0	630203	1302.6521014186962	0.18376	1.2
24670.51057809896	2850	17.227895569734198	0.0	1483527	2937.0194435383596	0.004705182	1.2000000000000002
24673.276522813943	2850	18.461950854752562	0.0	1231456	2765.944714981638	0.25688598	2.85
24676.121189891906	2850	19.61728377679137	0.0	1364537	2844.667077961193	0.6284939	2.85

