2675.87098214618	750	4.0	0.848125509873515	450283	848.1255098735149	0.016241718	-2.8969396924561144
2676.6711996946256	750	7.199782451554113	0.0	398865	800.2175484458868	0.060536005	0.75
2677.82320293847	1200	10.047779207709489	0.0	571051	1152.0032438446237	0.45863214	0.75
2679.1163835137177	1200	12.754598632462002	0.0	617681	1293.180575247487	0.007691904	1.2
2680.501307907632	1200	15.369674238547308	0.0	652874	1384.924393914694	0.004705182	1.2
2681.4684460628832	1200	18.402536083295896	0.0	520315	967.1381552514099	0.004705182	1.2
2682.7136611102756	1200	21.15732103590393	0.0	561791	1245.2150473919698	0.004705182	1.2
2684.0329353886855	1200	23.838046757493462	0.0	709534	1319.2742784104662	0.004705182	1.2
2686.6871474704194	2850	25.18383467575981	0.0	1348011	2654.2120817336513	0.6702182	1.2000000000000002
2689.400230020739	2850	26.470752125439834	0.0	1429765	2713.082550319978	0.004705182	2.85
2691.894525580817	2850	27.976456565361918	0.0	1354548	2494.295560077918	0.007321578	2.85
2694.69215011072	2850	29.178832035459276	0.0	1519951	2797.6245299026414	0.0077535687	2.85
2697.318765807874	2850	30.552216338304788	0.0	1422919	2626.6156971544874	0.020173013	2.85
2700.376512454387	2850	31.49446969179179	0.0	1578343	3057.746646512997	0.025403855	2.85
2702.819361710877	2850	33.05162043530194	0.0	1231445	2442.849256489851	0.09210556	2.85
2705.972072053383	2850	33.898910092795866	0.0	1471065	3152.7103425060745	0.07165518	2.85
2708.6796894151626	2850	35.191292731016134	0.0	1491626	2707.6173617797335	0.037091862	2.85
2711.0526817386394	2850	36.8183004075391	0.0	1358801	2372.992323477035	0.38202155	2.85
2714.066364703065	2850	37.80461744311302	0.0	1537156	3013.682964426082	0.4972547	2.85
2716.8120345684397	2850	39.05894757773843	0.0	1336050	2745.6698653745916	0.6449764	2.85
2720.5524438884004	4300	39.31853825777787	0.0	2039773	3740.4093199605627	0.6857858	2.8499999999999996
2724.7290124946176	4300	39.14196965156035	0.0	2176469	4176.568606217518	0.004705182	4.3
2729.3573457720145	4300	38.5136363741634	0.0	2221506	4628.333277396956	0.004705182	4.3
2733.136428058028	4300	38.7345540881503	0.0	2044075	3779.0822860131016	0.004705182	4.3
2737.2086693800934	4300	38.66231276608441	0.0	2186790	4072.2413220658873	0.004705182	4.3
2741.1126444531087	4300	38.75833769306925	0.0	2105231	3903.97507301516	0.004705182	4.3
2745.454916902752	4300	38.4160652434263	0.0	2395588	4342.272449642954	0.004705182	4.3
2748.8825799114766	4300	38.98840223470129	0.0	1972048	3427.6630087250182	0.004705182	4.3
2753.13143983025	4300	38.7395423159278	0.0	2134614	4248.859918773487	0.004705182	4.3
2757.303352941457	4300	38.56762920472068	0.0	2164140	4171.913111207116	0.004705182	4.3
2761.6552775939876	4300	38.21570455219045	0.0	2113193	4351.924652530233	0.004705182	4.3
2765.6388547607658	4300	38.23212738541219	0.0	2147852	3983.5771667782606	0.004705182	4.3
2769.5554443900164	4300	38.31553775616136	0.0	2191074	3916.589629250824	0.004705182	4.3
2773.6126354040894	4300	38.258346742088364	0.0	2286761	4057.1910140730006	0.004705182	4.3
2778.1217938885015	4300	37.749188257676316	0.0	2307787	4509.158484412046	0.004705182	4.3
2782.0392526112078	4300	37.831729534969725	0.0	2143948	3917.4587227065895	0.004705182	4.3
2785.6310929169763	4300	38.23988922920141	0.0	1919781	3591.8403057683163	0.004705182	4.3
2789.8477255758057	4300	38.023256570372055	0.0	2147467	4216.632658829354	0.004705182	4.3
2793.9002611284145	4300	37.97072101776306	0.0	2133870	4052.5355526089884	0.004705182	4.3
2797.9572238360342	4300	37.91375831014359	0.0	2146120	4056.9627076194697	0.004705182	4.3
2801.812499562177	4300	38.05848258400077	0.0	2108491	3855.2757261428255	0.004705182	4.3
2805.8268212327357	4300	38.044160913442106	0.0	2184571	4014.3216705586615	0.004705182	4.3
2809.8503712137604	4300	38.020610932417696	0.0	2121928	4023.5499810244173	0.004705182	4.3
2814.4488244614313	4300	37.422157684746594	0.0	2219102	4598.453247671105	0.004705182	4.3
2818.3450467947137	4300	37.52593535146423	0.0	2124950	3896.222333282361	0.004705182	4.3
2822.2865922600927	4300	37.58438988608534	0.0	2246506	3941.545465378889	0.004705182	4.3
2826.353969419701	4300	37.51701272647702	0.0	1961140	4067.3771596083157	0.004705182	4.3
2830.3274395812896	4300	37.543542564888774	0.0	2155012	3973.470161588247	0.004705182	4.3

