5875.471470338411	750	4.0	4.316718207694552	450283	4316.718207694552	0.15419371	-17.81188829308657
5876.266878366816	300	7.204591971595131	0.0	155580	795.4080284048688	0.084984645	-0.15000000000000002
5878.42229680366	750	9.049173534751091	0.0	350812	2155.41843684404	0.161985	0.3
5879.444710372961	300	12.026759965449727	0.0	155432	1022.4135693013633	0.6515423	-0.15000000000000002
5882.429898511109	750	13.041571827302086	0.0	411561	2985.1881381476423	0.6372034	0.3
5885.75440573218	750	13.717064606231165	0.0	318564	3324.5072210709204	0.26575467	0.75
5887.188631410161	300	16.282838928249983	0.0	153295	1434.2256779811833	0.46878365	-0.15000000000000002
5888.597416888326	300	18.874053450085654	0.0	173849	1408.7854781643266	0.023266561	0.3
5889.987833653461	300	21.483636684950195	0.0	150710	1390.416765135463	0.052829023	0.3
5891.593136394749	300	23.8783339436624	0.0	139105	1605.302741287792	0.17465277	0.3
5893.722806129339	300	25.748664209072558	0.0	141840	2129.669734589841	0.032368317	0.3
5895.780275215774	300	27.691195122638263	0.0	156148	2057.469086434297	0.016387522	0.3
5898.401274681388	300	29.070195657024247	0.0	160746	2620.9994656140143	0.019493658	0.3
5901.561785361771	300	29.909684976640605	0.0	179801	3160.5106803836434	0.016354742	0.3
5903.3860890479355	300	32.085381290476256	0.0	140051	1824.303686164347	0.019775439	0.3
5905.252024245226	300	34.21944609318656	0.0	138313	1865.9351972896955	0.07048656	0.3
5906.96988714698	300	36.50158319143239	0.0	143509	1717.862901754175	0.16391397	0.3
5908.528215209562	300	38.943255128849806	0.0	150616	1558.3280625825805	0.42626268	0.3
5912.473745457332	750	38.997724881079115	0.0	405596	3945.530247770697	0.37051496	0.3
5915.783392721016	750	39.688077617395656	0.0	350713	3309.6472636834583	0.004705182	0.75
5919.35096399842	750	40.120506339991074	0.0	386472	3567.5712774045846	0.004705182	0.75
5923.246078475547	750	40.22539186286433	0.0	399894	3895.1144771267427	0.004759483	0.75
5929.904200937876	750	37.56726940053501	0.0	401853	6658.122462329314	0.005839462	0.75
5933.7776016663165	750	37.69386867209512	0.0	343800	3873.4007284398936	0.004705182	0.75
5938.456818946698	750	37.01465139171406	0.0	359903	4679.217280381062	0.004705182	0.75
5944.352847274175	750	35.11862306423662	0.0	379700	5896.028327477442	0.004705182	0.75
5952.035941954768	750	31.435528383644442	0.0	425781	7683.0946805921785	0.004705182	0.75
5955.304493112258	750	32.16697722615373	0.0	277716	3268.5511574907105	0.004705182	0.75
5959.902396446924	750	31.569073891487037	0.0	400396	4597.903334666694	0.004705182	0.75
5965.4874451495625	750	29.98402518884972	0.0	400508	5585.048702637314	0.004705182	0.75
5968.804938187985	750	30.666532150427425	0.0	358218	3317.493038422297	0.004705182	0.75
5972.141729946821	750	31.329740391590946	0.0	400322	3336.791758836479	0.0090621505	0.75
5974.897639818072	750	32.57383052033918	0.0	369834	2755.90987125177	0.042041738	0.75
5979.144469962038	750	32.32700037637329	0.0	412837	4246.830143965886	0.2432853	0.75
5981.78981228559	750	33.68165805282163	0.0	401088	2645.3423235516643	0.06851647	0.75
5986.878736087478	1200	32.592734250934306	0.0	598727	5088.923801887326	0.44421673	0.75
5989.866162634769	1200	33.605307703642175	0.0	487812	2987.426547292128	0.01532035	1.2
5993.64210551464	1200	33.82936482377125	0.0	575591	3775.942879870926	0.004705182	1.2
5997.1645010302245	1200	34.30696930818716	0.0	605884	3522.395515584085	0.004705182	1.2
6000.963332396428	1200	34.50813794198376	0.0	587506	3798.8313662034097	0.008965841	1.2
6004.652682036854	1200	34.818788301558094	0.0	566904	3689.349640425666	0.01242876	1.2
6008.339182934439	1200	35.132287403972406	0.0	641452	3686.5008975856904	0.017965283	1.2
6011.502359539669	1200	35.96911079874182	0.0	599477	3163.1766052305784	0.08598989	1.2
6014.742502305806	1200	36.728968032605195	0.0	634861	3240.1427661366265	0.47707692	1.2
6022.001367080326	2850	33.4701032580848	0.0	1464921	7258.864774520403	0.29530263	1.2000000000000002
6029.360582559064	2850	30.110887779347298	0.0	1483527	7359.2154787375	0.004705182	2.85
6036.804555299886	2850	26.666915038525737	0.0	1231456	7443.972740821558	0.0047174217	2.85
6049.121392021323	2850	18.350078317087892	0.0	1364537	12316.836721437847	0.004705182	2.85

