4777.889731789986	750	4.0	4.236019030700693	450283	4236.019030700693	0.0074931863	-17.46488183201298
4779.032440807569	300	6.857290982416554	0.0	155580	1142.7090175834455	0.112000056	-0.15000000000000002
4782.628283411212	750	7.261448378775008	0.0	350812	3595.842603641546	0.4663378	0.3
4783.946792685627	300	9.94293910435924	0.0	155432	1318.509274415769	0.039682478	-0.15000000000000002
4786.721225993587	750	11.168505796399572	0.0	411561	2774.4333079596695	0.09388618	0.3
4790.835911349322	750	11.053820440664218	0.0	318564	4114.685355735353	0.52205014	0.75
4793.030905493351	300	12.858826296633966	0.0	153295	2194.9941440302523	0.052495643	-0.15000000000000002
4795.379022547778	300	14.510709242208067	0.0	173849	2348.1170544258985	0.004705182	0.3
4798.123839836198	300	15.765891953786811	0.0	150710	2744.8172884212563	0.004705182	0.3
4800.969937461437	300	16.919794328547933	0.0	139105	2846.097625238878	0.004705182	0.3
4804.042163011742	300	17.84756877824342	0.0	141840	3072.2255503045135	0.004705182	0.3
4806.433172514017	300	19.456559275967486	0.0	156148	2391.009502275935	0.004705182	0.3
4808.874531243774	300	21.01520054621066	0.0	160746	2441.3587297568247	0.004705182	0.3
4812.179188720909	300	21.71054306907575	0.0	179801	3304.6574771349124	0.004705182	0.3
4814.942181828268	300	22.947549961717005	0.0	140051	2762.9931073587422	0.004705182	0.3
4817.5966767768905	300	24.293055013094584	0.0	138313	2654.4949486224214	0.004705182	0.3
4819.618084587967	300	26.271647202017853	0.0	143509	2021.4078110767318	0.004705182	0.3
4820.860544500741	300	29.029187289244355	0.0	150616	1242.4599127734984	0.007129485	0.3
4822.062556855934	300	31.827174934049708	0.0	165384	1202.012355194644	0.16521227	0.3
4823.037791951166	300	34.85193983881843	0.0	140881	975.2350952312689	0.6861261	0.3
4825.755661654878	750	36.134070135105276	0.0	386472	2717.869703713158	0.11500618	0.3
4828.16976953688	750	37.71996225310394	0.0	399894	2414.1078820013463	0.0070009045	0.75
4829.9845078562075	750	39.90522393377601	0.0	401853	1814.7383193279338	0.09522678	0.75
4832.35191708189	1200	41.53781470809449	0.0	536667	2367.409225681521	0.31184024	0.75
4839.295295177609	1200	38.59443661237552	0.0	587236	6943.378095718966	0.004705182	1.2
4843.839710638065	1200	38.05002115191923	0.0	590335	4544.415460456286	0.17168684	1.2
4849.757696162207	1200	36.13203562777725	0.0	696376	5917.985524141982	0.033063598	1.2
4855.057573903244	1200	34.83215788673995	0.0	487160	5299.877741037296	0.030738723	1.2
4860.796704966582	1200	33.093026823401885	0.0	622896	5739.1310633380635	0.32854027	1.2
4863.759156169456	1200	34.13057562052755	0.0	641447	2962.4512028743347	0.24437976	1.2
4866.054977746853	1200	35.83475404313083	0.0	570392	2295.8215773967236	0.004705182	1.2
4869.253726985222	1200	36.63600480476266	0.0	620283	3198.7492383681665	0.004705182	1.2
4873.116368617052	1200	36.77336317293212	0.0	584349	3862.641631830544	0.004705182	1.2
4878.463096272015	1200	35.426635517969245	0.0	670129	5346.72765496287	0.004705182	1.2
4884.811960889714	1200	33.07777090027055	0.0	690253	6348.864617698698	0.004705182	1.2
4889.804004373011	1200	32.085727416974116	0.0	598727	4992.04348329644	0.004705182	1.2
4894.850397525949	1200	31.039334264034842	0.0	487812	5046.393152939272	0.004705182	1.2
4905.979129008456	1200	23.910602781527988	0.0	575591	11128.731482506853	0.009359575	1.2
4917.283814526894	750	16.605917263090223	0.0	378327	11304.685518437762	0.17715369	0.3
4929.870185652473	750	8.019546137511686	0.0	390680	12586.371125578538	0.6729827	0.75
4934.568497107312	300	7.32123468267307	0.0	147968	4698.311454838617	0.004705182	-0.15000000000000002
4939.2677911806795	300	6.621940609305426	0.0	161857	4699.294073367644	0.004705182	0.3
4943.5434683243675	300	6.346263465617232	0.0	145210	4275.677143688194	0.004705182	0.3
4948.454022109058	300	5.435709680926488	0.0	172312	4910.553784690745	0.004705182	0.3
4953.2956867200255	300	4.594045069959061	0.0	167025	4841.664610967427	0.004705182	0.3
4957.996747696851	300	4.0	0.10701590686660438	160064	4701.060976825665	0.004705182	-0.16016839952639883
4961.834200283758	300	4.1625474130933515	0.0	137507	3837.4525869066483	0.004705182	0.3
4963.646455790647	300	6.350291906204262	0.0	118421	1812.25550688909	0.004705182	0.3

