11060.782633144268	750	4.0	3.445995646227827	450283	3445.9956462278274	0.005801641	-14.067781278779655
11061.8525209867	300	6.930112157568032	0.0	155580	1069.8878424319682	0.6786025	-0.15000000000000002
11064.205520322917	750	8.57711282135118	0.0	350812	2352.999336216852	0.67264056	0.3
11068.926061790637	750	7.8565713536332185	0.0	382355	4720.5414677179615	0.68744665	0.75
11073.173725651208	300	7.608907493060796	0.0	163442	4247.663860572423	0.16176362	-0.15000000000000002
11076.448384949423	300	8.334248194844808	0.0	126289	3274.659298215988	0.004705182	0.3
11080.40674811245	300	8.375885031818802	0.0	153295	3958.363163026005	0.004705182	0.3
11084.457598786956	300	8.32503435731321	0.0	173849	4050.8506745055906	0.004705182	0.3
11087.026243563309	300	9.756389580960501	0.0	150710	2568.6447763527085	0.004705182	0.3
11089.773630933681	300	11.009002210588966	0.0	139105	2747.3873703715367	0.004705182	0.3
11092.750141348026	300	12.032491796242887	0.0	141840	2976.5104143460794	0.004705182	0.3
11095.32572606259	300	13.456907081679459	0.0	156148	2575.584714563427	0.004705182	0.3
11098.382719673897	300	14.399913470373944	0.0	160746	3056.9936113055164	0.004705182	0.3
11101.575126679181	300	15.207506465087901	0.0	179801	3192.407005286043	0.004705182	0.3
11104.024703417164	300	16.757929727104237	0.0	140051	2449.576737983664	0.004705182	0.3
11107.039762782711	300	17.74287036155774	0.0	138313	3015.0593655465	0.004705182	0.3
11110.558251986327	300	18.22438115794213	0.0	143509	3518.4892036156075	0.004705182	0.3
11112.540206024561	300	20.242427119708285	0.0	150616	1981.9540382338441	0.004705182	0.3
11114.299179101145	300	22.48345404312442	0.0	165384	1758.973076583865	0.004705182	0.3
11116.110864217773	300	24.671768926495634	0.0	140881	1811.6851166287847	0.008697896	0.3
11118.78864562184	300	25.993987522429155	0.0	157671	2677.781404066481	0.009420765	0.3
11120.821181320747	300	27.96145182352134	0.0	157812	2032.5356989078136	0.015712295	0.3
11123.709060281853	300	29.073572862413954	0.0	163927	2887.878961107385	0.15190822	0.3
11128.063302935712	750	28.719330208555107	0.0	343800	4354.242653858847	0.14979135	0.3
11131.784989555827	750	28.997643588441647	0.0	359903	3721.6866201134617	0.07738171	0.75
11135.22985764053	750	29.552775503736505	0.0	379700	3444.86808470514	0.007959903	0.75
11139.76144979751	750	29.021183346757866	0.0	425781	4531.5921569786415	0.004705182	0.75
11143.145737410754	750	29.636895733513064	0.0	277716	3384.2876132448005	0.004705182	0.75
11148.093944233373	750	28.68868891089486	0.0	400396	4948.206822618207	0.004705182	0.75
11151.886926841858	750	28.895706302409096	0.0	400508	3792.982608485765	0.004705182	0.75
11155.384775749344	750	29.3978573949239	0.0	358218	3497.8489074851973	0.006433544	0.75
11159.085607883622	750	29.69702526064592	0.0	400322	3700.8321342779805	0.006961116	0.75
11162.815643212529	750	29.966989931738965	0.0	369834	3730.0353289069526	0.017767249	0.75
11166.943324337075	750	29.83930880719255	0.0	412837	4127.681124546415	0.026836906	0.75
11171.254050860396	750	29.52858228387218	0.0	401088	4310.726523320367	0.036660902	0.75
11174.932764850117	750	29.8498682941509	0.0	365161	3678.7139897212774	0.044765502	0.75
11178.321712563848	750	30.460920580419955	0.0	321064	3388.9477137309473	0.108096175	0.75
11183.541831169436	750	29.240801974832145	0.0	361565	5220.11860558781	0.10597273	0.75
11190.667858855668	750	26.114774288599904	0.0	378327	7126.027686232242	0.029967457	0.75
11197.37497450281	750	23.40765864145662	0.0	390680	6707.115647143282	0.0057401406	0.75
11201.710163126692	750	23.072470017575114	0.0	345516	4335.188623881508	0.0049567246	0.75
11204.726261974653	750	24.056371169613612	0.0	384505	3016.0988479614994	0.00692592	0.75
11207.965190847524	750	24.817442296742996	0.0	372093	3238.928872870616	0.2489972	0.75
11211.760686371386	750	25.02194677287988	0.0	438281	3795.495523863118	0.51511806	0.75
11215.373422719902	750	25.40921042436468	0.0	398987	3612.736348515197	0.66897446	0.75
11222.397336595228	1200	22.38529654903886	0.0	638661	7023.91387532582	0.5663753	0.75
11226.851600870366	1200	21.931032273899334	0.0	538612	4454.264275139527	0.059557334	1.2
11233.639887899693	1200	19.142745244573796	0.0	550906	6788.287029325539	0.013637416	1.2

