5689.769217390367	750	4.0	2.288238812003366	450283	2288.238812003366	0.11369449	-9.089426891614474
5692.463425802044	750	5.305791588322136	0.0	398865	2694.2084116778638	0.0056056567	0.75
5694.669353534413	750	7.099863855953809	0.0	350812	2205.9277323683264	0.06358714	0.75
5696.2891821243065	750	9.480035266059609	0.0	382355	1619.8285898942004	0.4836528	0.75
5697.961589669806	750	11.807627720559813	0.0	411561	1672.4075454997967	0.0075517124	0.75
5699.434366259589	750	14.334851130776714	0.0	318564	1472.7765897830984	0.0063427817	0.75
5701.086704447318	750	16.682512943047996	0.0	352642	1652.3381877287175	0.027504422	0.75
5702.800010026317	750	18.969207364048742	0.0	437162	1713.305578999252	0.029400824	0.75
5704.32922192832	750	21.4399954620456	0.0	374758	1529.211902003142	0.0070639662	0.75
5706.013262040493	750	23.75595534987288	0.0	362795	1684.04011217272	0.013356632	0.75
5707.892104488575	750	25.877112901791502	0.0	353220	1878.8424480813828	0.015417214	0.75
5709.781134051908	750	27.988083338457933	0.0	405134	1889.0295633335675	0.015142901	0.75
5711.114923947246	750	30.654293443120864	0.0	386351	1333.7898953370718	0.11412546	0.75
5715.619322638369	1200	30.149894751997483	0.0	687371	4504.3986911233815	0.348333	0.75
5718.271946754919	1200	31.497270635448118	0.0	526950	2652.6241165493666	0.55715185	1.2
5720.60873011569	1200	33.16048727467655	0.0	587876	2336.783360771569	0.0908556	1.2
5723.215927653068	1200	34.553289737297746	0.0	617242	2607.197537378806	0.00637706	1.2
5725.822653575421	1200	35.94656381494498	0.0	581493	2606.725922352765	0.0047404626	1.2
5728.990747793552	1200	36.77846959681346	0.0	639204	3168.094218131517	0.004705182	1.2
5731.390481760669	1200	38.378735629697715	0.0	586839	2399.733967115743	0.004705182	1.2
5733.717303887366	1200	40.0519135030004	0.0	601738	2326.822126697316	0.004705182	1.2
5737.164712369307	1200	40.60450502106	0.0	616206	3447.408481940391	0.004705182	1.2
5739.959426832932	1200	41.80979055743465	0.0	656471	2794.714463625353	0.004705182	1.2
5741.8775997415605	1200	43.8916176488067	0.0	536667	1918.1729086279513	0.007916314	1.2
5743.379582619809	1200	46.38963477055726	0.0	587236	1501.982878249447	0.028182983	1.2
5749.609488945263	2850	44.15972844510331	0.0	1480464	6229.906325453946	0.057832867	1.2000000000000002
5756.404147705349	2850	41.36506968501768	0.0	1547572	6794.658760085629	0.004705182	2.85
5761.76588754946	2850	40.00332984090721	0.0	1141971	5361.739844110469	0.004705182	2.85
5769.101274159223	2850	36.667943231144285	0.0	1498470	7335.386609762927	0.004705182	2.85
5777.6120495411415	2850	32.15716784922549	0.0	1561263	8510.775381918798	0.004705182	2.85
5783.740966812402	2850	30.02825057796505	0.0	1341201	6128.917271260438	0.06412866	2.85
5789.63968582184	2850	28.12953156852685	0.0	1497683	5898.719009438198	0.004750714	2.85
5794.289435584339	2850	27.479781806027887	0.0	1358081	4649.749762498962	0.004705182	2.85
5801.693415537032	2850	24.075801853336294	0.0	1587293	7403.979952691592	0.004705182	2.85
5811.254545919046	2850	18.51467147132145	0.0	1492672	9561.130382014846	0.0047446354	2.85
5814.720167579822	1200	19.049049810544755	0.0	598727	3465.6216607766924	0.048625134	-0.44999999999999996
5816.600047453349	1200	21.169169937017227	0.0	487812	1879.8798735275277	0.004705182	1.2
5818.91239655691	1200	22.856820833456485	0.0	575591	2312.349103560744	0.004705182	1.2
5820.844004533714	1200	24.925212856652614	0.0	605884	1931.6079768038683	0.018064579	1.2
5826.594235320911	2850	23.17498206945564	0.0	1402287	5750.230787196974	0.04688201	1.2000000000000002
5832.467643060947	2850	21.301574329419967	0.0	1339500	5873.407740035673	0.004705182	2.85
5838.124590598757	2850	19.64462679160929	0.0	1527299	5656.947537810675	0.004705182	2.85
5845.721623550529	2850	16.047593839836807	0.0	1343002	7597.032951772482	0.004705182	2.85
5852.25558352475	2850	13.513633865615612	0.0	1587250	6533.9599742211985	0.3074689	2.85
5857.835781566991	2850	11.93343582337557	0.0	1464921	5580.198042240042	0.19785509	2.85
5864.856929932557	2850	8.912287457809086	0.0	1483527	7021.148365566485	0.03338859	2.85
5869.358091425367	1200	8.41112596499932	0.0	538612	4501.161492809766	0.053979516	-0.44999999999999996
5871.154752130716	750	10.614465259650071	0.0	314107	1796.660705349249	0.68923885	0.3

