12312.428883431956	750	4.0	6.240793125191714	450283	6240.793125191714	0.046324287	-26.08541043832437
12315.03709696435	300	5.39178646760646	0.0	155580	2608.2135323935404	0.004705182	-0.15000000000000002
12317.565276255355	300	6.863607176602174	0.0	139857	2528.179291004286	0.004705182	0.3
12319.850733211764	300	8.578150220191981	0.0	155432	2285.456956410193	0.004705182	0.3
12323.363554131585	300	9.065329300370701	0.0	163442	3512.820919821281	0.004705182	0.3
12325.724841731348	300	10.704041700610226	0.0	126289	2361.2875997604747	0.004705182	0.3
12328.271907298362	300	12.156976133596313	0.0	153295	2547.065567013914	0.004705182	0.3
12331.209931496674	300	13.218951935283304	0.0	173849	2938.024198313009	0.004705182	0.3
12334.29778044172	300	14.131102990237448	0.0	150710	3087.848945045855	0.004705182	0.3
12337.266181256942	300	15.162702175014754	0.0	139105	2968.400815222695	0.004705182	0.3
12340.066568164593	300	16.362315267365	0.0	141840	2800.3869076497554	0.004705182	0.3
12342.889629504367	300	17.539253927590405	0.0	156148	2823.0613397745915	0.004705182	0.3
12345.948329961457	300	18.480553470501146	0.0	160746	3058.7004570892605	0.004705182	0.3
12350.016628206868	300	18.412255225090572	0.0	179801	4068.2982454105727	0.004705182	0.3
12353.194191670362	300	19.234691761596945	0.0	140051	3177.563463493625	0.004705182	0.3
12355.788598367182	300	20.6402850647763	0.0	138313	2594.4066968206475	0.004705182	0.3
12358.12170136973	300	22.30718206222974	0.0	143509	2333.1030025465607	0.004705182	0.3
12360.334881545607	300	24.094001886351908	0.0	150616	2213.1801758778292	0.004705182	0.3
12362.788300974677	300	25.640582457281866	0.0	165384	2453.419429070041	0.004797994	0.3
12365.132184942971	300	27.296698488985843	0.0	140881	2343.8839682960256	0.007888143	0.3
12367.924324626887	300	28.50455880507028	0.0	157671	2792.139683915566	0.013605176	0.3
12370.174346679816	300	30.254536752140773	0.0	157812	2250.022052929507	0.032636784	0.3
12372.477013256192	300	31.951870175764178	0.0	163927	2302.6665763765927	0.17594531	0.3
12374.58627739893	300	33.84260603302477	0.0	137654	2109.264142739405	0.46953857	0.3
12379.133145370648	750	33.29573806130901	0.0	359903	4546.8679717157665	0.66739225	0.3
12385.683788430099	750	30.745095001857166	0.0	379700	6550.643059451837	0.008465339	0.75
12390.593756761957	750	29.835126669998527	0.0	425781	4909.96833185864	0.026864922	0.75
12392.844013658814	750	31.584869773141296	0.0	277716	2250.2568968572295	0.005036569	0.75
12396.461969390999	750	31.966914040955068	0.0	400396	3617.9557321862317	0.0047208495	0.75
12400.869643285394	750	31.559240146560203	0.0	400508	4407.673894394864	0.0071894075	0.75
12406.365963072942	750	30.06292035901177	0.0	358218	5496.319787548431	0.008323457	0.75
12413.719894864349	750	26.708988567605417	0.0	400322	7353.9317914063495	0.004705182	0.75
12420.22038098674	750	24.208502445213874	0.0	369834	6500.486122391544	0.004705182	0.75
12431.75107703042	750	16.677806401534017	0.0	412837	11530.696043679858	0.004705182	0.75
12437.639168726853	300	14.789714705099842	0.0	179328	5888.091696434176	0.033344537	-0.15000000000000002
12441.873264171838	300	14.555619260115364	0.0	159914	4234.0954449844785	0.0069551263	0.3
12445.902841446992	300	14.52604198496273	0.0	131610	4029.5772751526356	0.008420821	0.3
12450.189941920526	300	14.238941511428719	0.0	124011	4287.100473534009	0.006410881	0.3
12455.424450193244	300	13.00443323871036	0.0	144254	5234.508272718359	0.0048851804	0.3
12459.310388274751	300	13.118495157203292	0.0	149991	3885.9380815070695	0.004705182	0.3
12462.946430723992	300	13.482452707962633	0.0	147968	3636.042449240658	0.0050669154	0.3
12466.872459986538	300	13.556423445417565	0.0	161857	3926.0292625450697	0.0050439513	0.3
12469.774109611362	300	14.65477382059292	0.0	145210	2901.6496248246435	0.008790263	0.3
12472.86998886193	300	15.55889457002572	0.0	172312	3095.879250567201	0.0263557	0.3
12475.507118267205	300	16.921765164750404	0.0	167025	2637.129405275318	0.12479065	0.3
12477.667631621502	300	18.76125181045332	0.0	160064	2160.513354297083	0.5214151	0.3
12483.869799800703	750	16.559083631252694	0.0	331053	6202.168179200625	0.5170188	0.3
12490.859000611497	750	13.569882820458178	0.0	314107	6989.200810794519	0.26376715	0.75

