6586.204217097495	750	4.0	2.3226168467032533	450283	2322.6168467032535	0.004705182	-9.237252440823989
6588.999620077938	750	5.204597019557097	0.0	398865	2795.4029804429024	0.006147585	0.75
6591.288262677342	750	6.915954420153612	0.0	350812	2288.642599403485	0.10025834	0.75
6593.935321128196	750	8.268895969299136	0.0	382355	2647.0584508544766	0.6178472	0.75
6595.39000528407	300	10.81421181342518	0.0	163442	1454.6841558739568	0.34302464	-0.15000000000000002
6596.532670704881	300	13.671546392614218	0.0	126289	1142.6654208109608	0.33383974	0.3
6598.103094217538	300	16.101122879957256	0.0	153295	1570.4235126569638	0.07121998	0.3
6599.83061465533	300	18.373602442165	0.0	173849	1727.520437792255	0.035529353	0.3
6601.64223160249	300	20.561985495004947	0.0	150710	1811.6169471600497	0.0500122	0.3
6603.822220969173	300	22.381996128322044	0.0	139105	2179.9893666829034	0.016586255	0.3
6606.112204437295	300	24.0920126601998	0.0	141840	2289.983468122245	0.009651777	0.3
6611.2443427188955	300	22.959874378599412	0.0	156148	5132.138281600387	0.009431107	0.3
6613.057938556424	300	25.14627854107017	0.0	160746	1813.5958375292435	0.004705182	0.3
6614.768377001015	300	27.435840096478838	0.0	179801	1710.4384445913324	0.00861958	0.3
6615.979628104081	300	30.2245889934139	0.0	140051	1211.2511030649416	0.030676177	0.3
6617.100449098952	300	33.103767998541954	0.0	138313	1120.8209948719498	0.12560947	0.3
6618.28232157695	300	35.921895520544005	0.0	143509	1181.8724779979455	0.5997561	0.3
6621.412354789311	750	36.79186230818268	0.0	372963	3130.033212361323	0.33347857	0.3
6626.618410479364	750	35.58580661812959	0.0	405596	5206.05569005309	0.004705182	0.75
6630.229601194878	750	35.974615902615206	0.0	350713	3611.19071551438	0.0056615947	0.75
6633.512484403941	750	36.69173269355225	0.0	386472	3282.8832090629635	0.004705182	0.75
6636.276895559019	750	37.92732153847386	0.0	399894	2764.411155078378	0.004705182	0.75
6639.431354525086	750	38.77286257240708	0.0	401853	3154.4589660667857	0.019915383	0.75
6642.250908642735	750	39.95330845475802	0.0	343800	2819.5541176490583	0.04080502	0.75
6644.661060547087	750	41.54315655040593	0.0	359903	2410.1519043520925	0.085297495	0.75
6648.489813228165	1200	41.714403869328734	0.0	590335	3828.7526810771983	0.62682563	0.75
6654.388124474673	1200	39.81609262282112	0.0	696376	5898.311246507616	0.020420376	1.2
6658.9565541369675	1200	39.247662960526576	0.0	487160	4568.429662294543	0.042495053	1.2
6666.575254557035	1200	35.62896254045867	0.0	622896	7618.7004200679075	0.06340818	1.2
6673.143904622544	1200	33.06031247494906	0.0	641447	6568.650065509609	0.44519907	1.2
6679.274569200789	1200	30.92964789670425	0.0	570392	6130.664578244812	0.31136593	1.2
6685.069099573824	1200	29.135117523668843	0.0	620283	5794.530373035404	0.5938266	1.2
6688.266661486393	1200	29.93755561110038	0.0	584349	3197.5619125684652	0.27149493	1.2
6692.382983034977	1200	29.821234062516442	0.0	670129	4116.321548583934	0.0058392165	1.2
6697.05860712605	1200	29.145609971442802	0.0	690253	4675.624091073642	0.0053618415	1.2
6703.087552622348	1200	27.116664475145015	0.0	598727	6028.945496297785	0.0051570046	1.2
6706.967448084896	1200	27.236769012596206	0.0	487812	3879.8954625488086	0.026391242	1.2
6711.920303595514	1200	26.283913501978624	0.0	575591	4952.855510617585	0.0122807175	1.2
6716.393510668272	1200	25.810706429220595	0.0	605884	4473.207072758029	0.021449067	1.2
6720.058990291729	1200	26.145226805764207	0.0	587506	3665.4796234563873	0.0072275093	1.2
6724.064875438457	1200	26.139341659035242	0.0	566904	4005.8851467289633	0.004705182	1.2
6727.985188850898	1200	26.2190282465939	0.0	641452	3920.313412441342	0.004705182	1.2
6732.036114369492	1200	26.168102728000164	0.0	599477	4050.9255185937363	0.005725454	1.2
6735.518689921288	1200	26.68552717620396	0.0	634861	3482.5755517962066	0.0053064446	1.2
6738.878247358052	1200	27.325969739439763	0.0	630203	3359.557436764197	0.020145806	1.2
6742.763340518072	1200	27.440876579419744	0.0	638661	3885.0931600200206	0.05076994	1.2
6745.388954194902	1200	28.8152629025892	0.0	538612	2625.6136768305387	0.12991634	1.2
6748.882499056804	1200	29.32171804068778	0.0	550906	3493.544861901422	0.6796425	1.2

