16354.564366710287	750	4.0	8.793419615156727	450283	8793.419615156727	0.006711858	-37.06170434517393
16357.564728017544	300	4.999638692742964	0.0	155580	3000.361307257036	0.004705182	-0.15000000000000002
16360.193464648593	300	6.370902061693952	0.0	139857	2628.7366310490115	0.004705182	0.3
16362.672725613047	300	7.89164109724028	0.0	155432	2479.2609644536724	0.004705182	0.3
16365.082712328422	300	9.481654381865631	0.0	163442	2409.9867153746472	0.004705182	0.3
16367.078197795006	300	11.486168915281535	0.0	126289	1995.4854665840983	0.004705182	0.3
16369.354523384194	300	13.209843326092562	0.0	153295	2276.3255891889726	0.004705182	0.3
16371.897178624047	300	14.667188086239829	0.0	173849	2542.655239852732	0.004705182	0.3
16374.120306018636	300	16.44406069165086	0.0	150710	2223.1273945889648	0.004705182	0.3
16376.1285707074	300	18.435796002888004	0.0	139105	2008.2646887628573	0.004705182	0.3
16378.109700548259	300	20.454666162028737	0.0	141840	1981.1298408592681	0.004705182	0.3
16380.202975249202	300	22.36139146108724	0.0	156148	2093.274700941496	0.004705182	0.3
16382.578373697239	300	23.9859930130511	0.0	160746	2375.3984480361405	0.0053799045	0.3
16385.434699545942	300	25.129667164346053	0.0	179801	2856.325848705047	0.0056933956	0.3
16387.438666803577	300	27.125699906709723	0.0	140051	2003.9672576363284	0.006544786	0.3
16389.95130549411	300	28.61306121618041	0.0	138313	2512.638690529316	0.009728512	0.3
16392.279534439076	300	30.284832271209286	0.0	143509	2328.228944971123	0.010790315	0.3
16394.35329628336	300	32.21107042692549	0.0	150616	2073.7618442838	0.024837362	0.3
16396.725865692344	300	33.83850101794149	0.0	165384	2372.5694089839944	0.1067784	0.3
16402.17526606646	750	32.389100643827064	0.0	350713	5449.400374114423	0.27461067	0.3
16409.033438917442	750	29.53092779284344	0.0	386472	6858.17285098363	0.32611507	0.75
16414.57318051716	750	27.991186193127287	0.0	399894	5539.7415997161515	0.48325205	0.75
16420.641994030524	750	25.92237267976254	0.0	401853	6068.813513364748	0.115016595	0.75
16426.046304941185	750	24.518061769101344	0.0	343800	5404.3109106611955	0.12734026	0.75
16431.893233686693	750	22.67113302359524	0.0	359903	5846.928745506105	0.09429101	0.75
16437.980683325422	750	20.58368338486386	0.0	379700	6087.449638731378	0.10909167	0.75
16444.687926672384	750	17.876440037902213	0.0	425781	6707.243346961647	0.07327955	0.75
16448.81934477781	750	17.745021932476543	0.0	277716	4131.4181054256715	0.24183607	0.75
16453.33179062641	750	17.232576083875195	0.0	400396	4512.445848601347	0.28162235	0.75
16457.112745869606	750	17.45162084067869	0.0	400508	3780.955243196505	0.058304187	0.75
16460.662110943464	750	17.902255766822844	0.0	358218	3549.365073855847	0.011813464	0.75
16465.434459591626	750	17.129907118657837	0.0	400322	4772.348648165008	0.009395307	0.75
16469.815905151587	750	16.74846155869939	0.0	369834	4381.445559958447	0.020196624	0.75
16474.877829736026	750	15.686536974258944	0.0	412837	5061.924584440445	0.010601384	0.75
16481.99848881244	750	12.565877897842576	0.0	401088	7120.659076416368	0.028808318	0.75
16484.556876789	300	14.007489921285222	0.0	159914	2558.387976557354	0.20808932	-0.15000000000000002
16486.224037606295	300	16.340329103989465	0.0	131610	1667.1608172957576	0.024593223	0.3
16487.89264289912	300	18.671723811163297	0.0	124011	1668.6052928261677	0.16252407	0.3
16489.599555746332	300	20.964810963953546	0.0	144254	1706.9128472097493	0.29665583	0.3
16494.501075924134	750	20.063290786149942	0.0	390680	4901.520177803607	0.58171654	0.3
16498.933258331806	750	19.631108378477535	0.0	345516	4432.182407672404	0.009251208	0.75
16503.13737586803	750	19.426990842254355	0.0	384505	4204.117536223181	0.004727352	0.75
16507.382845603544	750	19.181521106739062	0.0	372093	4245.469735515295	0.005171915	0.75
16512.741684140437	750	17.822682569845977	0.0	438281	5358.838536893087	0.006340409	0.75
16517.800606017056	750	16.76376069322924	0.0	398987	5058.921876616734	0.007707714	0.75
16522.7325875196	750	15.831779190685099	0.0	393804	4931.981502544142	0.0063839187	0.75
16526.616499309148	750	15.947867401137259	0.0	331053	3883.911789547839	0.009667418	0.75
16530.466127940166	750	16.09823877011675	0.0	314107	3849.6286310205096	0.007253576	0.75

