18297.293879212004	750	4.0	4.3779972098671385	450283	4377.997209867139	0.006981144	-18.075388002428696
18298.55215697592	300	6.741722236087304	0.0	155580	1258.2777639126964	0.069002	-0.15000000000000002
18299.597132809253	300	9.696746402752327	0.0	139857	1044.975833334976	0.20493256	0.3
18300.78218072988	300	12.511698482125855	0.0	155432	1185.0479206264713	0.023228874	0.3
18302.056776649468	300	15.237102562534885	0.0	163442	1274.5959195909713	0.18814261	0.3
18303.10708038739	300	18.186798824610893	0.0	126289	1050.30373792399	0.26497322	0.3
18304.376759714363	300	20.917119497636964	0.0	153295	1269.6793269739317	0.060251884	0.3
18305.760082324232	300	23.5337968877697	0.0	173849	1383.322609867264	0.052625105	0.3
18307.008390253886	300	26.285488958114374	0.0	150710	1248.3079296553226	0.12213272	0.3
18308.190164041018	300	29.10371517098534	0.0	139105	1181.7737871290358	0.29929206	0.3
18309.330078512343	300	31.96380069965853	0.0	141840	1139.914471326808	0.3834801	0.3
18310.524561007303	300	34.76931820469994	0.0	156148	1194.4824949585918	0.65375286	0.3
18313.399122300198	750	35.89475691180485	0.0	386351	2874.561292895093	0.463234	0.3
18316.227351717513	750	37.06652749448822	0.0	434409	2828.2294173166315	0.0049793976	0.75
18318.45996050206	750	38.833918709944115	0.0	337059	2232.608784544104	0.0054606753	0.75
18321.17529595118	750	40.11858326082183	0.0	366214	2715.335449122286	0.0071012205	0.75
18323.909826874693	750	41.38405233730893	0.0	360831	2734.5309235128966	0.008274017	0.75
18327.09803834663	750	42.19584086537018	0.0	372963	3188.211471938757	0.01843522	0.75
18331.21631932725	750	42.07755988474829	0.0	405596	4118.280980621888	0.015422731	0.75
18334.29738680066	750	42.99649241134066	0.0	350713	3081.0674734076333	0.010261036	0.75
18337.928473539658	750	43.365405672339975	0.0	386472	3631.0867390006856	0.027025135	0.75
18342.315903086444	750	42.97797612555054	0.0	399894	4387.42954678943	0.03063998	0.75
18347.789286541214	750	41.50459267078413	0.0	401853	5473.383454766416	0.017430188	0.75
18350.994460533926	750	42.29941867807181	0.0	343800	3205.17399271232	0.0066789915	0.75
18354.00793112394	750	43.28594808805643	0.0	359903	3013.4705900153817	0.03327765	0.75
18357.44599286669	750	43.84788634530281	0.0	379700	3438.0617427536204	0.14318638	0.75
18361.044351415636	750	44.24952779635866	0.0	425781	3598.358548944149	0.1899266	0.75
18365.09715152981	1200	44.196727682182974	0.0	487160	4052.800114175688	0.67165726	0.75
18370.443513342536	1200	42.85036586945548	0.0	622896	5346.361812727492	0.021190481	1.2
18375.268235005788	1200	42.0256442062051	0.0	641447	4824.721663250381	0.017152362	1.2
18379.814263009892	1200	41.47961620210391	0.0	570392	4546.028004101185	0.0062720794	1.2
18385.649542479052	1200	39.644336732940516	0.0	620283	5835.279469163394	0.00554419	1.2
18390.21543626904	1200	39.078442942954176	0.0	584349	4565.8937899863395	0.007259247	1.2
18395.02265425574	1200	38.27122495625318	0.0	670129	4807.217986700999	0.004705182	1.2
18401.281869854767	1200	36.01200935722509	0.0	690253	6259.215599028092	0.004705182	1.2
18407.041660691597	1200	34.25221852039592	0.0	598727	5759.790836829164	0.004705182	1.2
18412.26339360228	1200	33.03048560971367	0.0	487812	5221.732910682249	0.0050130473	1.2
18417.78158116572	1200	31.51229804627219	0.0	575591	5518.187563441483	0.0105057955	1.2
18424.141695233273	1200	29.15218397871768	0.0	605884	6360.11406755451	0.008126384	1.2
18429.618380750064	1200	27.675498461928473	0.0	587506	5476.685516789205	0.016404904	1.2
18434.480296242753	1200	26.813582969239423	0.0	566904	4861.9154926890515	0.009488912	1.2
18439.922452540013	1200	25.371426671977545	0.0	641452	5442.156297261877	0.007096711	1.2
18445.679299286367	1200	23.614579925625737	0.0	599477	5756.846746351807	0.0064857625	1.2
18452.104342532144	1200	21.18953667984898	0.0	634861	6425.043245776757	0.011720849	1.2
18462.17349862897	1200	15.12038058302186	0.0	630203	10069.156096827122	0.020116167	1.2
18465.971862602826	750	15.322016609164358	0.0	393804	3798.3639738575016	0.040251292	0.3
18468.702560935053	750	16.591318276937162	0.0	331053	2730.6983322271944	0.09028638	0.75
18471.49943309759	750	17.79444611440268	0.0	314107	2796.8721625344797	0.19081067	0.75

