6752.415810864217	750	4.0	3.5333118074124745	450283	3533.3118074124745	0.0892226	-14.44324077187364
6753.910719701932	300	6.5050911622846534	0.0	155580	1494.9088377153469	0.69584984	-0.15000000000000002
6755.486547403743	300	8.929263460473335	0.0	139857	1575.827701811319	0.15189357	0.3
6757.511352230778	300	10.904458633439283	0.0	155432	2024.804827034051	0.0074182805	0.3
6759.014955300885	300	13.400855563331891	0.0	163442	1503.6030701073907	0.017547887	0.3
6760.21983157514	300	16.19597928907646	0.0	126289	1204.8762742554352	0.07658927	0.3
6761.670225637345	300	18.74558522687229	0.0	153295	1450.394062204169	0.0137278475	0.3
6763.106056089497	300	21.309754774720513	0.0	173849	1435.830452151775	0.014315474	0.3
6764.34556232406	300	24.070248540156538	0.0	150710	1239.5062345639758	0.059220675	0.3
6765.879033634125	300	26.53677723009151	0.0	139105	1533.4713100650313	0.09513764	0.3
6768.072046843913	300	28.343764020303315	0.0	141840	2193.013209788196	0.045312613	0.3
6770.843360165958	300	29.572450698258308	0.0	156148	2771.3133220450077	0.030019484	0.3
6773.259947386333	300	31.155863477883354	0.0	160746	2416.5872203749545	0.03277951	0.3
6775.197765801505	300	33.218045062711184	0.0	179801	1937.8184151721646	0.04911693	0.3
6776.473230502728	300	35.94258036148803	0.0	140051	1275.4647012231558	0.25607657	0.3
6779.963679300158	750	36.45213156405835	0.0	366214	3490.448797429684	0.68975097	0.3
6785.169413777914	750	35.2463970863027	0.0	360831	5205.734477755651	0.006718934	0.75
6791.46985451331	750	32.9459563509068	0.0	372963	6300.440735395907	0.02436143	0.75
6795.432379146067	750	32.98343171814918	0.0	405596	3962.5246327576206	0.047335777	0.75
6798.181478043298	750	34.23433282091811	0.0	350713	2749.0988972310647	0.004705182	0.75
6801.206795740566	750	35.20901512364972	0.0	386472	3025.317697268393	0.004705182	0.75
6804.488783277102	750	35.92702758711389	0.0	399894	3281.9875365358316	0.0049610464	0.75
6807.975712106855	750	36.440098757361376	0.0	401853	3486.928829752511	0.008498635	0.75
6810.59102148769	750	37.8247893765255	0.0	343800	2615.309380835877	0.01291688	0.75
6813.7012633795275	750	38.71454748468874	0.0	359903	3110.2418918367625	0.043120556	0.75
6816.790860117721	750	39.624950746494434	0.0	379700	3089.5967381943065	0.03179737	0.75
6821.250874512587	750	39.164936351629066	0.0	425781	4460.014394865361	0.15684521	0.75
6823.544858690833	750	40.87095217338173	0.0	277716	2293.984178247335	0.10914575	0.75
6826.588811903785	750	41.82699896043013	0.0	400396	3043.9532129516015	0.36615786	0.75
6830.2077339755315	750	42.20807688868325	0.0	400508	3618.9220717468797	0.69664514	0.75
6833.501921657691	750	42.91388920652421	0.0	358218	3294.187682159038	0.69395727	0.75
6839.333512297548	1200	41.082298566667575	0.0	620283	5831.590639856635	0.62767875	0.75
6844.421496385049	1200	39.994314479166086	0.0	584349	5087.984087501488	0.017056752	1.2
6850.0728810488745	1200	38.3429298153404	0.0	670129	5651.384663825693	0.007679444	1.2
6856.17737359538	1200	36.23843726883554	0.0	690253	6104.492546504849	0.0071948334	1.2
6862.074003417949	1200	34.34180744626676	0.0	598727	5896.629822568779	0.0062491167	1.2
6866.5583273233	1200	33.85748354091581	0.0	487812	4484.323905350958	0.006823182	1.2
6874.861872968032	1200	29.553937896183385	0.0	575591	8303.545644732427	0.008288407	1.2
6880.607998720683	1200	27.807812143532153	0.0	605884	5746.125752651236	0.098221555	1.2
6890.407608770776	1200	22.008202093438566	0.0	587506	9799.610050093586	0.016589293	1.2
6893.870236039098	750	22.545574825116514	0.0	345516	3462.6272683220527	0.64144444	0.3
6899.089450075187	1200	21.326360789027436	0.0	641452	5219.214036089079	0.13659523	0.75
6903.90998152562	1200	20.505829338594907	0.0	599477	4820.53145043253	0.036775332	1.2
6909.120405054329	1200	19.29540580988655	0.0	634861	5210.423528708357	0.02432241	1.2
6914.252098956009	1200	18.163711908205972	0.0	630203	5131.693901680576	0.014705473	1.2
6920.438315140708	1200	15.977495723507062	0.0	638661	6186.21618469891	0.020925973	1.2
6924.570337665328	1200	15.845473198887735	0.0	538612	4132.022524619327	0.05112539	1.2
6929.376007716842	1200	15.03980314737386	0.0	550906	4805.670051513876	0.05472343	1.2

