2150.759713161815	750	4.0	4.665178135276565	450283	4665.178135276565	0.011109219	-19.31026598168923
2152.258547729704	300	6.501165432110702	0.0	155580	1498.8345678892972	0.027936777	-0.15000000000000002
2153.7000767116183	300	9.059636450196395	0.0	139857	1441.5289819143081	0.03780014	0.3
2156.7593592194416	300	10.000353942372927	0.0	155432	3059.282507823468	0.0048318407	0.3
2160.824359725975	300	9.935353435839435	0.0	163442	4065.000506533491	0.0050234776	0.3
2163.7478997219628	300	11.011813439851737	0.0	126289	2923.539995987698	0.004705182	0.3
2166.60960781326	300	12.15010534855435	0.0	153295	2861.708091297388	0.004705182	0.3
2170.0126704460954	300	12.747042715718758	0.0	173849	3403.0626328355916	0.004705182	0.3
2172.9304369988176	300	13.829276162996456	0.0	150710	2917.766552722302	0.004705182	0.3
2175.526406283476	300	15.233306878338324	0.0	139105	2595.969284658131	0.004705182	0.3
2178.96440516824	300	15.795307993574422	0.0	141840	3437.9988847639015	0.004705182	0.3
2184.159786754756	300	14.599926407058215	0.0	156148	5195.381586516208	0.004705182	0.3
2188.3898942358846	300	14.369818925929478	0.0	160746	4230.107481128735	0.004705182	0.3
2192.170823049329	300	14.588890112485023	0.0	179801	3780.9288134444546	0.004705182	0.3
2195.657227667975	300	15.102485493839552	0.0	140051	3486.404618645471	0.004705182	0.3
2199.9399329046137	300	14.819780257200604	0.0	138313	4282.705236638948	0.004705182	0.3
2205.023061662891	300	13.736651498923296	0.0	143509	5083.128758277308	0.004705182	0.3
2208.3640038486906	300	14.395709313123865	0.0	150616	3340.942185799432	0.004705182	0.3
2209.871483756818	300	16.88822940499606	0.0	165384	1507.4799081278047	0.004705182	0.3
2210.769059761574	300	19.990653400240554	0.0	140881	897.5760047555111	0.004705182	0.3
2211.662242900135	300	23.09747026167943	0.0	157671	893.1831385611233	0.0349288	0.3
2212.5006223724336	300	26.259090789380675	0.0	157812	838.3794722987542	0.5398723	0.3
2214.5233457045465	750	28.236367457267576	0.0	401853	2022.7233321131005	0.109600365	0.3
2216.3636142258683	750	30.396098935946142	0.0	343800	1840.2685213214354	0.117211096	0.75
2218.1297203655536	750	32.62999279626085	0.0	359903	1766.106139685292	0.36491865	0.75
2220.5795811990824	1200	34.18013196273213	0.0	590335	2449.8608335287095	0.5364439	0.75
2224.2622099912073	1200	34.49750317060735	0.0	696376	3682.6287921247877	0.004705182	1.2
2226.8110488124935	1200	35.94866434932085	0.0	487160	2548.8388212864947	0.004705182	1.2
2230.0153978387393	1200	36.744315323075305	0.0	622896	3204.349026245545	0.004705182	1.2
2234.8947626867744	1200	35.8649504750404	0.0	641447	4879.364848034905	0.004760622	1.2
2239.6987658651387	1200	35.06094729667596	0.0	570392	4804.00317836444	0.004705182	1.2
2244.7068715925197	1200	34.05284156929508	0.0	620283	5008.105727380883	0.0053122407	1.2
2249.9441484070576	1200	32.81556475475761	0.0	584349	5237.276814537473	0.004813792	1.2
2255.3463900542138	1200	31.413323107601258	0.0	670129	5402.241647156352	0.00806731	1.2
2261.04339696018	1200	29.716316201635507	0.0	690253	5697.006905965747	0.008664507	1.2
2265.3276683903555	1200	29.4320447714596	0.0	598727	4284.271430175906	0.0083133	1.2
2268.76605485317	1200	29.993658308645543	0.0	487812	3438.3864628140573	0.004705182	1.2
2272.74280408581	1200	30.01690907600572	0.0	575591	3976.749232639819	0.0052796276	1.2
2276.2893459961583	1200	30.470367165657297	0.0	605884	3546.5419103484246	0.004705182	1.2
2279.346386389945	1200	31.41332677187054	0.0	587506	3057.040393786759	0.005349047	1.2
2282.2504498919334	1200	32.50926326988253	0.0	566904	2904.0635019880056	0.015080645	1.2
2285.586844012407	1200	33.172869149408996	0.0	641452	3336.3941204735384	0.033285454	1.2
2288.564654926	1200	34.1950582358153	0.0	599477	2977.8109135936925	0.18307534	1.2
2290.9608212280177	1200	35.79889193379811	0.0	634861	2396.1663020171904	0.80008805	1.2
2299.3025969813466	2850	31.457116180468873	0.0	1464921	8341.77575332924	0.0054949457	1.2000000000000002
2306.5193470796803	2850	28.24036608213516	0.0	1483527	7216.750098333713	0.004705182	2.85
2312.058288360855	2850	26.701424800960538	0.0	1231456	5538.941281174623	0.007965819	2.85
2318.3963589474065	2850	24.363354214409082	0.0	1364537	6338.070586551458	0.004705182	2.85

