20600.1928122551	750	4.0	3.5388403668140223	450283	3538.840366814022	0.004705182	-14.467013577300294
20601.64521132525	300	6.5476009298498035	0.0	155580	1452.399070150196	0.69509333	-0.15000000000000002
20602.983715407143	300	9.209096847957815	0.0	139857	1338.5040818919888	0.18373093	0.3
20604.353549954874	300	11.83926230022871	0.0	155432	1369.8345477291064	0.013368586	0.3
20605.91015500259	300	14.28265725251159	0.0	163442	1556.6050477171186	0.11650157	0.3
20607.45726786856	300	16.73554438653919	0.0	126289	1547.1128659724009	0.13013935	0.3
20609.12190469518	300	19.0709075599223	0.0	153295	1664.6368266168904	0.009972328	0.3
20610.71497940082	300	21.477832854285936	0.0	173849	1593.0747056363664	0.0130312815	0.3
20612.768960355002	300	23.423851900100196	0.0	150710	2053.98095418574	0.04417967	0.3
20614.21002975446	300	25.982782500644003	0.0	139105	1441.069399456191	0.020518022	0.3
20615.569561341148	300	28.623250913956902	0.0	141840	1359.5315866871038	0.034544427	0.3
20617.095867677308	300	31.096944577796855	0.0	156148	1526.3063361600477	0.08403706	0.3
20618.727704647215	300	33.465107607890054	0.0	160746	1631.8369699068016	0.16415939	0.3
20623.90356411531	750	32.28924813979983	0.0	434409	5175.859468090215	0.38429672	0.3
20626.218169656495	750	33.97464259861119	0.0	337059	2314.6055411886427	0.3256978	0.75
20628.900960335093	750	35.29185192001179	0.0	366214	2682.79067859941	0.005826578	0.75
20631.967567430074	750	36.225244825029314	0.0	360831	3066.6070949824702	0.004705182	0.75
20635.18052782721	750	37.01228442789213	0.0	372963	3212.9603971371835	0.004705182	0.75
20639.44582423062	750	36.74698802448062	0.0	405596	4265.296403411513	0.004705182	0.75
20642.94836566711	750	37.244446587990446	0.0	350713	3502.54143649017	0.004705182	0.75
20646.098538787774	750	38.094273467329685	0.0	386472	3150.1731206607597	0.004705182	0.75
20648.803063295127	750	39.38974895997978	0.0	399894	2704.5245073499104	0.0066297436	0.75
20652.704523584398	1200	39.48828867070631	0.0	656471	3901.4602892734692	0.08336909	0.75
20656.034372113143	1200	40.15844014196475	0.0	536667	3329.848528741551	0.047712043	1.2
20659.433117500346	1200	40.759694754759195	0.0	587236	3398.745387205566	0.02310498	1.2
20663.92108120794	1200	40.271731047165005	0.0	590335	4487.9637075941855	0.00627492	1.2
20667.538875278988	1200	40.65393697611477	0.0	696376	3617.7940710502357	0.0140786255	1.2
20670.597968498692	1200	41.59484375640876	0.0	487160	3059.093219706007	0.004705182	1.2
20677.05623314476	1200	39.13657911034059	0.0	622896	6458.264646068161	0.004705182	1.2
20684.574179199626	1200	35.61863305547411	0.0	641447	7517.946054866483	0.012469483	1.2
20692.649632330867	1200	31.54317992423031	0.0	570392	8075.453131243803	0.052585915	1.2
20701.058296410654	1200	27.1345158444454	0.0	620283	8408.664079784912	0.47227818	1.2
20706.15266303172	750	26.040149223378872	0.0	369834	5094.366621066526	0.57280946	0.3
20711.105835222203	750	25.086977032896524	0.0	412837	4953.17219048235	0.0053264857	0.75
20715.97828980843	750	24.214522446669353	0.0	401088	4872.454586227169	0.006849916	0.75
20721.64998975033	750	22.542822504769493	0.0	365161	5671.699941899861	0.0074631106	0.75
20726.693921136928	750	21.49889111817365	0.0	321064	5043.931386595846	0.004705182	0.75
20729.616038690543	750	22.576773564555506	0.0	361565	2922.1175536181436	0.004705182	0.75
20732.451058555787	750	23.741753699315815	0.0	378327	2835.01986523969	0.022592269	0.75
20735.077342916138	750	25.115469338964107	0.0	390680	2626.2843603517067	0.106498495	0.75
20737.388089940658	750	26.804722314447197	0.0	345516	2310.7470245169084	0.69102347	0.75
20741.74770696208	1200	26.445105293023488	0.0	641452	4359.617021423709	0.36200657	0.75
20745.754963786243	1200	26.43784846885743	0.0	599477	4007.256824166058	0.004767639	1.2
20751.790495052603	1200	24.40231720249995	0.0	634861	6035.531266357477	0.0047286632	1.2
20756.367098762	1200	23.825713493102718	0.0	630203	4576.603709397234	0.0073517496	1.2
20761.220138884433	1200	22.972673370669664	0.0	638661	4853.0401224330535	0.004705182	1.2
20764.32789747377	1200	23.864914781329677	0.0	538612	3107.7585893399896	0.004705182	1.2
20767.586706853115	1200	24.606105401985577	0.0	550906	3258.8093793441008	0.005502704	1.2

