11630.733473441313	750	4.0	3.1328471558220468	450283	3132.8471558220467	0.019715033	-12.7212427700348
11633.190201909145	750	5.54327153216687	0.0	398865	2456.72846783313	0.31799778	0.75
11635.228861839247	750	7.504611602065916	0.0	350812	2038.6599301009546	0.06367144	0.75
11637.658785482668	750	9.074687958642482	0.0	382355	2429.923643423433	0.44464365	0.75
11640.458870200086	750	10.27460324122569	0.0	411561	2800.084717416791	0.2327996	0.75
11641.367291228256	300	13.366182213055742	0.0	126289	908.4210281699462	0.10747069	-0.15000000000000002
11642.441817254165	300	16.29165618714792	0.0	153295	1074.526025907821	0.25521794	0.3
11643.94674762905	300	18.786725812262446	0.0	173849	1504.930374885472	0.1753424	0.3
11645.430435046343	300	21.30303839496855	0.0	150710	1483.6874172938972	0.16452946	0.3
11646.731742240505	300	24.001731200806194	0.0	139105	1301.307194162356	0.1243769	0.3
11647.923212595302	300	26.81026084600877	0.0	141840	1191.470354797424	0.10881268	0.3
11649.223473824693	300	29.509999616617932	0.0	156148	1300.261229390834	0.20077102	0.3
11650.678549786851	300	32.05492365446035	0.0	160746	1455.0759621575767	0.4320351	0.3
11652.256570499132	300	34.47690294217921	0.0	179801	1578.0207122811507	0.68718934	0.3
11655.506445045514	750	35.227028395796644	0.0	337059	3249.8745463825608	0.4563763	0.3
11658.641942611015	750	36.09153083029707	0.0	366214	3135.4975654995847	0.007929871	0.75
11661.204005402771	750	37.52946803853955	0.0	360831	2562.0627917575216	0.004705182	0.75
11664.043880660218	750	38.68959278109459	0.0	372963	2839.875257444964	0.0049540405	0.75
11668.158468629823	750	38.57500481148996	0.0	405596	4114.587969604623	0.006116479	0.75
11670.574464679623	750	40.15900876168864	0.0	350713	2415.9960498013234	0.00485273	0.75
11674.09151260385	750	40.641960837460005	0.0	386472	3517.0479242286324	0.02831646	0.75
11677.178742510883	750	41.55473093042825	0.0	399894	3087.229907031758	0.016723163	0.75
11680.379415554846	750	42.35405788646567	0.0	401853	3200.673043962573	0.07990346	0.75
11682.873985146745	750	43.85948829456605	0.0	343800	2494.5695918996203	0.21179557	0.75
11685.421932173616	750	45.31154126769531	0.0	359903	2547.947026870734	0.59428245	0.75
11690.105464885268	1200	44.62800855604423	0.0	590335	4683.532711651082	0.68248194	0.75
11696.202057997787	1200	42.53141544352513	0.0	696376	6096.593112519107	0.022493724	1.2
11700.331193451997	1200	42.40227998931585	0.0	487160	4129.135454209278	0.017979821	1.2
11705.652650714283	1200	41.080822727030124	0.0	622896	5321.457262285728	0.01851141	1.2
11711.641709537602	1200	39.09176390371152	0.0	641447	5989.058823318603	0.014427753	1.2
11715.367729060821	1200	39.36574438049098	0.0	570392	3726.01952322054	0.016509136	1.2
11719.051795392788	1200	39.68167804852254	0.0	620283	3684.066331968441	0.004705182	1.2
11722.830065523141	1200	39.9034079181698	0.0	584349	3778.2701303527415	0.004705182	1.2
11728.10755622428	1200	38.62591721703166	0.0	670129	5277.4907011381365	0.004705182	1.2
11733.868218742242	1200	36.86525469907145	0.0	690253	5760.662517960212	0.004705182	1.2
11739.442120923335	1200	35.291352517978545	0.0	598727	5573.902181092904	0.004705182	1.2
11743.008999199159	1200	35.724474242153825	0.0	487812	3566.878275824723	0.004705182	1.2
11747.810476177598	1200	34.92299726371612	0.0	575591	4801.476978437707	0.004705182	1.2
11752.631917755694	1200	34.10155568561857	0.0	605884	4821.441578097549	0.004705182	1.2
11757.870221644336	1200	32.863251796978005	0.0	587506	5238.303888640567	0.004705182	1.2
11762.095341142498	1200	32.63813229881579	0.0	566904	4225.119498162211	0.004705182	1.2
11766.665021762	1200	32.068451679313746	0.0	641452	4569.680619502043	0.004705182	1.2
11771.310882641312	1200	31.422590800002357	0.0	599477	4645.860879311393	0.0057758614	1.2
11777.000721362365	1200	29.73275207894942	0.0	634861	5689.838721052936	0.005450826	1.2
11782.207997285144	1200	28.52547615617117	0.0	630203	5207.275922778248	0.0051937834	1.2
11787.657004650098	1200	27.076468791215934	0.0	638661	5449.007364955238	0.0058122184	1.2
11792.910097658696	1200	25.823375782619028	0.0	538612	5253.093008596907	0.0060335444	1.2
11796.605705883507	1200	26.12776755780794	0.0	550906	3695.6082248110874	0.004705182	1.2

