8329.28812102785	750	4.0	1.7227784527213061	450283	1722.7784527213062	0.004705182	-6.657947346701616
8331.084343882194	750	6.20377714565615	0.0	398865	1796.22285434385	0.004705182	0.75
8332.831544567896	750	8.456576459953192	0.0	350812	1747.2006857029573	0.004705182	0.75
8334.2849556266	750	11.003165401252037	0.0	382355	1453.4110587011546	0.011053603	0.75
8335.768145651315	750	13.519975376535525	0.0	411561	1483.1900247165124	0.004705182	0.75
8336.895522457373	750	16.392598570478143	0.0	318564	1127.376806057383	0.008741274	0.75
8338.264932970911	750	19.023188056939958	0.0	352642	1369.4105135381826	0.027196964	0.75
8340.27723750886	750	21.010883518988923	0.0	437162	2012.3045379510377	0.024313288	0.75
8341.996275777983	750	23.291845249867496	0.0	374758	1719.0382691214247	0.024021456	0.75
8343.885615101504	750	25.402505926345857	0.0	362795	1889.3393235216392	0.0249813	0.75
8346.779848558297	750	26.508272469553916	0.0	353220	2894.233456791942	0.0148711875	0.75
8348.84712619714	750	28.440994830709236	0.0	405134	2067.2776388446755	0.006199567	0.75
8350.978310514538	750	30.30981051331189	0.0	386351	2131.184317397347	0.014227821	0.75
8353.36078424449	750	31.927336783359067	0.0	434409	2382.4737299528224	0.016753705	0.75
8355.077153110185	750	34.210967917665165	0.0	337059	1716.3688656939055	0.03917477	0.75
8356.881197410556	750	36.40692361729403	0.0	366214	1804.0443003711348	0.109891675	0.75
8359.014286053303	750	38.273834974546894	0.0	360831	2133.0886427471332	0.57507795	0.75
8361.45629274852	750	39.831828279328164	0.0	372963	2442.0066952187367	0.34702772	0.75
8364.006589062765	750	41.28153196508516	0.0	405596	2550.2963142430003	0.33632213	0.75
8366.244381368231	750	43.043739659618325	0.0	350713	2237.792305466839	0.6870667	0.75
8370.300726371393	1200	42.98739465645563	0.0	601738	4056.345003162699	0.6907716	0.75
8374.391415196427	1200	42.896705831421656	0.0	616206	4090.6888250339694	0.02271776	1.2
8379.13524650021	1200	42.1528745276386	0.0	656471	4743.831303783049	0.01061332	1.2
8383.16315209534	1200	42.12496893250933	0.0	536667	4027.9055951292703	0.011248902	1.2
8387.94962267419	1200	41.33849835365803	0.0	587236	4786.470578851299	0.016553864	1.2
8392.702487948942	1200	40.585633078907826	0.0	590335	4752.865274750206	0.019024428	1.2
8399.658509834804	1200	37.62961119304603	0.0	696376	6956.021885861793	0.017547293	1.2
8405.896562168797	1200	35.391558859051464	0.0	487160	6238.052333994568	0.061924618	1.2
8414.264896745177	750	31.023224282672086	0.0	400396	8368.33457637938	0.4625471	0.3
8421.508101775096	750	27.78001925275304	0.0	400508	7243.205029919048	0.004849266	0.75
8426.406274810273	750	26.88184621757712	0.0	358218	4898.17303517592	0.004705182	0.75
8429.219009292534	750	28.06911173531631	0.0	400322	2812.734482260811	0.004705182	0.75
8431.305679563666	750	29.982441464184117	0.0	369834	2086.6702711321914	0.055683937	0.75
8434.246906488814	750	31.04121453903735	0.0	412837	2941.2269251467674	0.6903599	0.75
8436.84463943768	750	32.44348159017025	0.0	401088	2597.732948867102	0.69243926	0.75
8440.306636268	1200	32.98148475985107	0.0	598727	3461.996830319179	0.21468478	0.75
8443.269370082486	1200	34.01875094536499	0.0	487812	2962.7338144860755	0.004705182	1.2
8447.871559869454	1200	33.41656115839629	0.0	575591	4602.189786968702	0.004705182	1.2
8452.342371443612	1200	32.94574958423903	0.0	605884	4470.811574157257	0.004705182	1.2
8456.158498988087	1200	33.129622039765714	0.0	587506	3816.1275444733137	0.005150472	1.2
8458.747231434929	1200	34.54088959292384	0.0	566904	2588.7324468418738	0.007060496	1.2
8461.471073827073	1200	35.81704720077973	0.0	641452	2723.8423921441095	0.050616864	1.2
8467.095493187142	2850	34.19262784071044	0.0	1343002	5624.419360069294	0.3937527	1.2000000000000002
8474.071532579921	2850	31.21658844793178	0.0	1587250	6976.03939277866	0.004705182	2.85
8484.001891665921	2850	25.286229361932122	0.0	1464921	9930.359085999658	0.0049379556	2.85
8498.473166030532	2850	14.814954997320907	0.0	1483527	14471.274364611214	0.0085846875	2.85
8512.639090188452	1200	4.649030839401747	0.0	538612	14165.92415791916	0.10618385	-0.44999999999999996
8515.947336197192	300	5.340784830661501	0.0	118421	3308.246008740246	0.004705182	-0.6000000000000001

