4968.446210252607	750	4.0	4.799754461958953	450283	4799.754461958953	0.004705182	-19.888944186423497
4969.868200480386	300	6.578009772220171	0.0	155580	1421.9902277798294	0.01919777	-0.15000000000000002
4971.0702091692965	300	9.376001083309369	0.0	139857	1202.0086889108015	0.049210228	0.3
4972.600400522119	300	11.845809730486824	0.0	155432	1530.1913528225455	0.007179372	0.3
4974.322141966039	300	14.124068286566814	0.0	163442	1721.7414439200097	0.029467067	0.3
4975.615125930983	300	16.831084321623113	0.0	126289	1292.9839649437026	0.05367574	0.3
4976.931887187026	300	19.514323065579724	0.0	153295	1316.7612560433888	0.010963393	0.3
4978.910116562576	300	21.536093690030583	0.0	173849	1978.229375549142	0.017572617	0.3
4982.361308474776	300	22.08490177783134	0.0	150710	3451.191912199239	0.0142785525	0.3
4985.808913900078	300	22.63729635252904	0.0	139105	3447.6054253022985	0.006371211	0.3
4989.156520844524	300	23.289689408083053	0.0	141840	3347.6069444459904	0.004705182	0.3
4992.298033860845	300	24.148176391762494	0.0	156148	3141.5130163205604	0.004705182	0.3
4995.078380239496	300	25.367830013110833	0.0	160746	2780.3463786516572	0.004705182	0.3
4997.412949427056	300	27.033260825550737	0.0	179801	2334.5691875600974	0.004705182	0.3
4998.78090358438	300	29.665306668226346	0.0	140051	1367.9541573243926	0.007590458	0.3
5000.298175102878	300	32.14803514972852	0.0	138313	1517.2715184978235	0.036952548	0.3
5002.300873559918	300	34.14533669268884	0.0	143509	2002.6984570396776	0.08978532	0.3
5004.336445634918	300	36.10976461768891	0.0	150616	2035.5720749999327	0.15017332	0.3
5006.674531002166	300	37.771679250441245	0.0	165384	2338.0853672476655	0.6600719	0.3
5013.010280199551	750	35.43593005305555	0.0	350713	6335.749197385697	0.541679	0.3
5020.46735064303	750	31.978859609576496	0.0	386472	7457.070443479054	0.15831612	0.75
5027.50366000827	750	28.942550244336182	0.0	399894	7036.3093652403095	0.34986323	0.75
5034.346113371704	750	26.100096880903127	0.0	401853	6842.453363433059	0.41794428	0.75
5038.644194416796	750	25.8020158358103	0.0	343800	4298.081045092825	0.33871728	0.75
5042.662067752683	750	25.78414249992418	0.0	359903	4017.873335886121	0.026104694	0.75
5047.078086494942	750	25.368123757665046	0.0	379700	4416.0187422591325	0.006245963	0.75
5051.995443044582	750	24.450767208025272	0.0	425781	4917.35654963977	0.004705182	0.75
5055.158928924887	750	25.28728132772132	0.0	277716	3163.4858803039524	0.004705182	0.75
5059.453028362786	750	24.99318188982125	0.0	400396	4294.099437900071	0.004705182	0.75
5063.648344684027	750	24.79786556858131	0.0	400508	4195.316321239941	0.004705182	0.75
5066.9918989688895	750	25.454311283718212	0.0	358218	3343.5542848630985	0.004705182	0.75
5071.270637274649	750	25.175572977958236	0.0	400322	4278.738305759977	0.004705182	0.75
5078.154376940902	750	22.291833311706245	0.0	369834	6883.7396662519905	0.004705182	0.75
5084.80052505962	750	19.645685192988108	0.0	412837	6646.148118718139	0.010863417	0.75
5090.3422169686655	750	18.103993283942202	0.0	401088	5541.691909045907	0.01743974	0.75
5093.819266464906	750	18.626943787702213	0.0	365161	3477.0494962399907	0.009348601	0.75
5096.509973002459	750	19.936237250148537	0.0	321064	2690.7065375536763	0.004705182	0.75
5101.061210707596	750	19.38499954501271	0.0	361565	4551.237705135828	0.0074403035	0.75
5106.67025769815	750	17.775952554458613	0.0	378327	5609.046990554097	0.00470542	0.75
5112.816798698198	750	15.629411554409526	0.0	390680	6146.541000049088	0.0050702156	0.75
5119.005176723347	750	13.441033529260553	0.0	345516	6188.3780251489725	0.009648037	0.75
5124.443913272231	750	12.002296980376398	0.0	384505	5438.736548884153	0.1408116	0.75
5129.980552020557	750	10.465658232049696	0.0	372093	5536.638748326703	0.34960344	0.75
5131.2578629113705	300	13.188347341236577	0.0	172312	1277.3108908131192	0.66161394	-0.15000000000000002
5133.904345655028	750	14.541864597579067	0.0	398987	2646.4827436575083	0.12708095	0.3
5136.65278227477	750	15.793427977835833	0.0	393804	2748.4366197432355	0.10928119	0.75
5139.4239449131455	750	17.02226533946168	0.0	331053	2771.162638374155	0.46807677	0.75
5142.450074729557	750	17.99613552304969	0.0	314107	3026.1298164119876	0.30017185	0.75

