23068.039487026374	750	4.0	2.7931852023610926	450283	2793.1852023610927	0.004705182	-11.260696370152697
23069.53133302441	750	6.508154001967959	0.0	398865	1491.84599803204	0.06182979	0.75
23070.788126412936	750	9.2513606134416	0.0	350812	1256.793388526359	0.004705182	0.75
23071.9622732403	750	12.077213786076983	0.0	382355	1174.146827364618	0.004722559	0.75
23073.615560488197	750	14.423926538181128	0.0	411561	1653.2872478958568	0.03879902	0.75
23074.89756454396	750	17.14192248242011	0.0	318564	1282.0040557610164	0.016455859	0.75
23076.4280983012	750	19.61138872518012	0.0	352642	1530.5337572399926	0.02547889	0.75
23078.421958966002	750	21.617528060375765	0.0	437162	1993.8606648043587	0.014702115	0.75
23080.09599431552	750	23.94349271085736	0.0	374758	1674.0353495184013	0.015000908	0.75
23081.737396407785	750	26.30209061859153	0.0	362795	1641.4020922658322	0.043346025	0.75
23083.07244203337	750	28.9670449930038	0.0	353220	1335.0456255877273	0.13244982	0.75
23086.016627459685	1200	30.022859566689004	0.0	594078	2944.1854263147975	0.68065697	0.75
23091.470762619436	1200	28.56872440694045	0.0	624282	5454.135159748552	0.1362363	1.2
23097.450879132797	750	26.58860789358077	0.0	434409	5980.1165133596805	0.10166269	0.3
23102.87397768225	750	25.1655093441267	0.0	337059	5423.098549454069	0.13791713	0.75
23106.482933795054	750	25.556553231324422	0.0	366214	3608.9561128022783	0.26471618	0.75
23109.03985449076	750	26.999632535621295	0.0	360831	2556.920695703127	0.030096114	0.75
23111.145476843736	750	28.89401018264005	0.0	372963	2105.622352981247	0.006055102	0.75
23113.131237332767	750	30.908249693607445	0.0	405596	1985.7604890326022	0.0072274795	0.75
23115.60170004334	750	32.437786983038315	0.0	350713	2470.462710569133	0.070342496	0.75
23118.339132836467	750	33.70035418990973	0.0	386472	2737.432793128579	0.010780316	0.75
23120.357921548555	750	35.68156547782139	0.0	399894	2018.7887120883472	0.019789722	0.75
23121.89163891611	750	38.147848110268306	0.0	401853	1533.7173675530762	0.6423063	0.75
23124.029240151318	1200	40.01024687505853	0.0	536667	2137.6012352097796	0.023043357	0.75
23126.61366535628	1200	41.4258216700985	0.0	587236	2584.4252049600286	0.004705182	1.2
23128.71237865917	1200	43.327108367208325	0.0	590335	2098.7133028901744	0.007733602	1.2
23130.687610242167	1200	45.35187678421278	0.0	696376	1975.2315829955503	0.052408237	1.2
23134.255691831368	2850	45.78379519500775	0.0	1141971	3568.081589205033	0.058668632	1.2000000000000002
23139.374483720843	2850	44.66500330553462	0.0	1498470	5118.791889473127	0.006909059	2.85
23144.891626128076	2850	43.14786089830388	0.0	1561263	5517.142407230743	0.0056521026	2.85
23150.741363568584	2850	41.29812345779168	0.0	1341201	5849.7374405121955	0.006645028	2.85
23157.252461748696	2850	38.78702527768063	0.0	1497683	6511.098180111053	0.004705182	2.85
23162.658537122887	2850	37.38094990349081	0.0	1358081	5406.075374189826	0.004705182	2.85
23168.387716050598	2850	35.65177097577951	0.0	1587293	5729.178927711291	0.004705182	2.85
23174.716808114463	2850	33.322678911915354	0.0	1492672	6329.09206386416	0.004705182	2.85
23180.71912327019	2850	31.320363756185426	0.0	1439896	6002.315155729927	0.004705182	2.85
23185.069035456065	2850	30.970451570311873	0.0	1139291	4349.912185873553	0.004705182	2.85
23193.109493199066	2850	26.929993827310337	0.0	1499009	8040.457743001537	0.004705182	2.85
23198.228358417244	2850	25.811128609133572	0.0	1427478	5118.865218176765	0.004705182	2.85
23202.620435849887	2850	25.419051176488377	0.0	1402287	4392.077432645192	0.004705182	2.85
23207.191591747116	2850	24.847895279259493	0.0	1339500	4571.155897228886	0.004705182	2.85
23211.452280184985	2850	24.58720684139016	0.0	1527299	4260.688437869335	0.004705182	2.85
23218.18932395569	2850	21.850163070684285	0.0	1343002	6737.043770705874	0.017409012	2.85
23226.50389514191	2850	17.535591884464118	0.0	1587250	8314.571186220168	0.004705182	2.85
23233.442756833443	2850	14.59673019293035	0.0	1464921	6938.861691533767	0.022946985	2.85
23237.415765629008	2850	14.623721397363846	0.0	1483527	3973.0087955665035	0.012402169	2.85
23241.96266769942	2850	14.076819326951655	0.0	1231456	4546.90207041219	0.0067760833	2.85
23249.575900377105	2850	10.46358664926442	0.0	1364537	7613.232677687237	0.004705182	2.85

