23622.278039048164	750	4.0	6.275717151967713	450283	6275.717151967713	0.004705182	-26.235583753461167
23624.45272176652	300	5.825317281643536	0.0	155580	2174.6827183564637	0.004705182	-0.15000000000000002
23626.53864627092	300	7.7393927772440305	0.0	139857	2085.924504399506	0.004705182	0.3
23630.46561210672	300	7.812426941441434	0.0	155432	3926.9658358025963	0.004705182	0.3
23632.270956096032	300	10.00708295213319	0.0	163442	1805.343989308242	0.004705182	0.3
23633.75846176453	300	12.519577283635904	0.0	126289	1487.5056684972856	0.006734853	0.3
23635.772121449976	300	14.505917598187823	0.0	153295	2013.6596854480813	0.004705182	0.3
23639.093470253865	300	15.184568794298952	0.0	173849	3321.3488038888718	0.004705182	0.3
23641.83680137867	300	16.441237669495035	0.0	150710	2743.3311248039176	0.004705182	0.3
23643.791726832013	300	18.48631221615171	0.0	139105	1954.9254533433261	0.004705182	0.3
23646.0961578619	300	20.18188118626581	0.0	141840	2304.4310298859023	0.004705182	0.3
23648.656141824613	300	21.621897223552516	0.0	156148	2559.9839627132924	0.004705182	0.3
23650.87173269891	300	23.406306349255672	0.0	160746	2215.5908742968422	0.004705182	0.3
23653.10039343365	300	25.17764561451333	0.0	179801	2228.660734742343	0.0051006833	0.3
23654.696195727545	300	27.581843320619964	0.0	140051	1595.8022938933686	0.007468142	0.3
23656.131495956004	300	30.146543092162144	0.0	138313	1435.3002284578197	0.014018751	0.3
23657.422302711682	300	32.855736336486416	0.0	143509	1290.8067556757312	0.0848182	0.3
23659.07355882784	300	35.204480220325465	0.0	150616	1651.2561161609474	0.53831506	0.3
23663.648754549435	750	34.629284498728865	0.0	405596	4575.195721596603	0.6959147	0.3
23671.022174204845	750	31.25586484331914	0.0	350713	7373.41965540972	0.013769715	0.75
23674.841353460026	300	31.436685588139973	0.0	157671	3819.179255179169	0.57527715	-0.15000000000000002
23677.96807059707	300	32.30996845109518	0.0	157812	3126.717137044793	0.16991897	0.3
23681.02354001537	300	33.25449903279642	0.0	163927	3055.4694182987537	0.352927	0.3
23683.886023311537	300	34.392015736627684	0.0	137654	2862.4832961687393	0.60434395	0.3
23692.417743050173	750	29.860295997990463	0.0	359903	8531.719738637223	0.6344515	0.3
23698.999690023185	750	27.278349024980045	0.0	379700	6581.946973010417	0.65315974	0.75
23707.263175071213	750	23.014863976952235	0.0	425781	8263.485048027811	0.030276284	0.75
23713.616044711707	750	20.661994336458207	0.0	277716	6352.8696404940265	0.54018116	0.75
23722.251200719365	750	16.026838328801418	0.0	400396	8635.156007656788	0.6209302	0.75
23724.395555274004	300	17.88248377416039	0.0	149029	2144.354554641027	0.07361758	-0.15000000000000002
23726.2711790324	300	20.00686001576558	0.0	157421	1875.6237583948136	0.020967798	0.3
23727.99388284	300	22.28415620816497	0.0	157488	1722.7038076006086	0.20031358	0.3
23729.29402920747	300	24.98400984069161	0.0	143881	1300.1463674733586	0.609077	0.3
23733.850235528782	750	24.42780351938241	0.0	412837	4556.206321309196	0.14455181	0.3
23739.735279422413	750	22.542759625752673	0.0	401088	5885.043893629736	0.004705182	0.75
23747.26625165785	750	19.01178739031437	0.0	365161	7530.972235438304	0.008882054	0.75
23752.02359963057	750	18.254439417591982	0.0	321064	4757.347972722389	0.51351166	0.75
23759.221659857652	750	15.056379190511532	0.0	361565	7198.060227080449	0.104443714	0.75
23761.735755867427	300	16.542283180737904	0.0	144254	2514.096009773629	0.62019545	-0.15000000000000002
23764.43299711022	300	17.845041937942135	0.0	149991	2697.2412427957684	0.15589023	0.3
23766.999553726	300	19.27848532216603	0.0	147968	2566.5566157761064	0.2687941	0.3
23769.507269098423	300	20.77076994973981	0.0	161857	2507.7153724262153	0.5824211	0.3
23774.332361241122	750	19.945677807042696	0.0	372093	4825.092142697116	0.60907495	0.3
23779.25586192661	750	19.02217712155591	0.0	438281	4923.500685486786	0.0052172146	0.75
23783.81650540855	750	18.46153363961307	0.0	398987	4560.643481942839	0.0057878373	0.75
23789.01130148158	750	17.26673756658744	0.0	393804	5194.796073025628	0.006138302	0.75
23793.333122214288	750	16.944916833878438	0.0	331053	4321.820732709008	0.006255719	0.75
23797.93328867466	750	16.344750373505498	0.0	314107	4600.166460372938	0.0063973237	0.75

