24328.140831439345	750	4.0	3.252274383373264	450283	3252.2743833732643	0.19834216	-13.234779848505035
24330.408821073444	750	5.732010365904043	0.0	398865	2267.989634095957	0.47634917	0.75
24331.72387914613	750	8.41695229321333	0.0	350812	1315.058072690713	0.030118119	0.75
24333.278947667673	750	10.861883771671835	0.0	382355	1555.0685215414942	0.0072060823	0.75
24334.844484251218	750	13.296347188125658	0.0	411561	1565.5365835461778	0.008091592	0.75
24335.839371872917	750	16.301459566429546	0.0	318564	994.8876216961118	0.007196991	0.75
24337.235265048937	750	18.905566390410684	0.0	352642	1395.893176018863	0.11710987	0.75
24338.854866948892	750	21.285964490454937	0.0	437162	1619.6018999557464	0.027765712	0.75
24341.65831727456	1200	22.48251416478812	0.0	584846	2803.4503256668163	0.17680974	0.75
24344.210058505138	1200	23.930772934211184	0.0	560821	2551.741230576934	0.67705804	1.2
24347.137527780033	1200	25.003303659313932	0.0	607410	2927.469274897252	0.3276971	1.2
24349.114411549188	1200	27.026419890158543	0.0	594078	1976.8837691553904	0.5677862	1.2
24351.82385073067	1200	28.316980708679804	0.0	624282	2709.4391814787405	0.008284087	1.2
24354.29264481425	1200	29.848186625099597	0.0	687371	2468.7940835802056	0.019115444	1.2
24358.4510609729	1200	29.689770466449126	0.0	526950	4158.416158650472	0.004705182	1.2
24360.18451099882	750	31.95632044052973	0.0	366214	1733.4500259193944	0.52863216	0.3
24361.676914601656	750	34.46391683768937	0.0	360831	1492.403602840363	0.69592613	0.75
24364.07185940922	1200	36.068972030128236	0.0	581493	2394.94480756113	0.16552036	0.75
24366.795097280276	1200	37.345734159073764	0.0	639204	2723.237871054469	0.004705182	1.2
24369.162540506426	1200	38.97829093292355	0.0	586839	2367.443226150212	0.004705182	1.2
24371.456961330823	1200	40.68387010852639	0.0	601738	2294.420824397157	0.0047917245	1.2
24373.950737163217	1200	42.19009427613369	0.0	616206	2493.775832392695	0.0055438885	1.2
24376.759390561852	1200	43.38144087749641	0.0	656471	2808.65339863728	0.0064070635	1.2
24379.35227541424	1200	44.788556025109855	0.0	536667	2592.884852386553	0.016606357	1.2
24383.232748895534	1200	44.90808254381752	0.0	587236	3880.4734812923352	0.012216877	1.2
24387.485105963868	1200	44.65572547548511	0.0	590335	4252.357068332408	0.0054239687	1.2
24392.916356318834	1200	43.22447512051722	0.0	696376	5431.250354967897	0.004705182	1.2
24396.06709467369	1200	44.07373676566336	0.0	487160	3150.7383548538533	0.004705182	1.2
24399.254609365064	1200	44.886222074288575	0.0	622896	3187.51469137479	0.004705182	1.2
24402.25049122832	1200	45.890340211032445	0.0	641447	2995.881863256129	0.0049659773	1.2
24405.1136194469	1200	47.02721199245128	0.0	570392	2863.1282185811647	0.014064517	1.2
24409.382597789845	1200	46.758233649505705	0.0	620283	4268.97834294558	0.026193552	1.2
24414.494671359334	1200	45.646160080018525	0.0	584349	5112.073569487176	0.013520982	1.2
24418.56408521885	1200	45.57674622050399	0.0	670129	4069.4138595145337	0.0053787446	1.2
24420.970498394945	1200	47.17033304441199	0.0	690253	2406.413176091999	0.013316172	1.2
24427.300505903768	2850	44.84032553558788	0.0	1439896	6330.007508824111	0.27461508	1.2000000000000002
24432.86255005845	2850	43.278281380907394	0.0	1139291	5562.044154680487	0.004705182	2.85
24442.304482543306	2850	37.836348896054716	0.0	1499009	9441.932484852674	0.004705182	2.85
24451.825181106757	2850	32.315650332602296	0.0	1427478	9520.698563452423	0.004705182	2.85
24456.96319146953	2850	31.177639969827293	0.0	1402287	5138.0103627749995	0.0057982937	2.85
24462.56373578403	2850	29.577095655329178	0.0	1339500	5600.544314498117	0.004705182	2.85
24467.31525485975	2850	28.825576579610466	0.0	1527299	4751.51907571871	0.004705182	2.85
24471.442352587877	2850	28.698478851480704	0.0	1343002	4127.097728129763	0.004705182	2.85
24486.064235578353	2850	18.07659586100457	0.0	1587250	14621.882990476131	0.004705182	2.85
24489.659057471454	1200	18.481773967903756	0.0	630203	3594.8218931008146	0.004705182	-0.44999999999999996
24494.74617006671	1200	17.394661372645604	0.0	638661	5087.1125952581515	0.0047387946	1.2
24498.940881563016	1200	17.19994987633919	0.0	538612	4194.711496306418	0.004705182	1.2
24502.010243062814	1200	18.130588376543177	0.0	550906	3069.3614997960135	0.004705182	1.2

