898.0132313967755	750	4.0	2.148641230861048	450283	2148.641230861048	0.696261	-8.489157292702506
900.3820843327268	750	5.631147064048715	0.0	398865	2368.8529359512845	0.004705182	0.75
902.2291134448916	750	7.784117951883809	0.0	350812	1847.0291121649057	0.013584031	0.75
906.0242057937265	750	7.989025603048906	0.0	382355	3795.092348834903	0.060510933	0.75
907.5322576234281	300	10.48097377334725	0.0	163442	1508.0518297016563	0.69682443	-0.15000000000000002
909.1587589527226	750	12.854472444052796	0.0	318564	1626.5013292944557	0.3527553	0.3
910.7468738282358	750	15.266357568539492	0.0	352642	1588.114875513303	0.15833092	0.75
912.972068217489	750	17.041163179286393	0.0	437162	2225.194389253098	0.09278454	0.75
914.7800898583143	750	19.23314153846094	0.0	374758	1808.0216408254491	0.0821278	0.75
917.5112264675563	750	20.50200492921896	0.0	362795	2731.136609241983	0.03882419	0.75
919.0181708401661	750	22.995060556609133	0.0	353220	1506.944372609827	0.20331393	0.75
920.8730943251231	750	25.140137071652205	0.0	405134	1854.9234849569248	0.0061686183	0.75
922.5241893741402	750	27.489042022635083	0.0	386351	1651.0950490171244	0.010053784	0.75
924.388378998692	750	29.624852398083227	0.0	434409	1864.189624551853	0.1246818	0.75
927.0457359016026	1200	30.967495495172702	0.0	526950	2657.356902910528	0.52689487	0.75
929.3550424549031	1200	32.65818894187212	0.0	587876	2309.306553300584	0.09745032	1.2
931.857652586921	1200	34.1555788098543	0.0	617242	2502.6101320178223	0.0071204947	1.2
934.8998025091192	1200	35.11342888765608	0.0	581493	3042.149922198228	0.004705182	1.2
937.6387008057934	1200	36.37453059098193	0.0	639204	2738.898296674151	0.005562266	1.2
940.2617472647337	1200	37.75148413204163	0.0	586839	2623.046458940297	0.004705182	1.2
942.9336143540755	1200	39.07961704269982	0.0	601738	2671.867089341811	0.004705182	1.2
947.0613923454925	1200	38.951839051282874	0.0	616206	4127.777991416945	0.004705182	1.2
951.2902746531092	1200	38.722956743666145	0.0	656471	4228.882307616729	0.004705182	1.2
953.4053355410856	1200	40.60789585568986	0.0	536667	2115.060887976287	0.004705182	1.2
955.382208157259	1200	42.631023239516416	0.0	587236	1976.8726161734444	0.004705182	1.2
957.1781909432777	1200	44.83504045349769	0.0	590335	1795.9827860187233	0.014607494	1.2
961.2251018971652	1200	44.788129499610214	0.0	696376	4046.910953887478	0.76556206	1.2
963.4689535641912	1200	46.54427783258426	0.0	487160	2243.851667025956	0.031120433	1.2
965.9407694337202	1200	48.07246196305527	0.0	622896	2471.8158695289876	0.12151573	1.2
967.9737082727537	1200	50.03952312402184	0.0	641447	2032.938839033429	0.650463	1.2
973.2879476719789	2850	48.72528372479664	0.0	1341201	5314.239399225205	0.0068752277	1.2000000000000002
981.324059323612	2850	44.68917207316362	0.0	1497683	8036.111651633019	0.004705182	2.85
992.1254371720762	2850	37.88779422469945	0.0	1358081	10801.377848464166	0.004705182	2.85
1009.9072996331151	2850	24.105931763660504	0.0	1587293	17781.862461038945	0.409577	2.85
1012.9761571201009	1200	25.037074276674737	0.0	690253	3068.857486985771	0.08328978	-0.44999999999999996
1015.3264116383002	1200	26.68681975847548	0.0	598727	2350.2545181992587	0.004705182	1.2
1016.6689834210827	1200	29.344247975693065	0.0	487812	1342.5717827824105	0.004705182	1.2
1021.514866447141	1200	28.498364949634635	0.0	575591	4845.883026058431	0.70075655	1.2
1025.9207505434206	1200	28.09248085335499	0.0	605884	4405.884096279646	0.0051886104	1.2
1027.513870854094	1200	30.499360542681615	0.0	587506	1593.1203106733724	0.02036239	1.2
1030.9299122023106	2850	31.083319194465062	0.0	1339500	3416.041348216553	0.0649442	1.2000000000000002
1034.756607551412	2850	31.25662384536383	0.0	1527299	3826.6953491012337	0.043726243	2.85
1047.2333071939422	4300	22.779924202833566	0.0	2121928	12476.699642530262	0.50518095	2.8499999999999996
1070.867472058799	2850	4.0	0.8542406620232578	1587250	23634.164864856823	0.5850109	-2.2732348467000083
1072.4111817912542	300	6.45629026754472	0.0	167025	1543.7097324552806	0.004705182	-2.25
1073.5997631008236	300	9.267708957975291	0.0	160064	1188.581309569429	0.004705182	0.3
1074.5251524453474	300	12.342319613451378	0.0	137507	925.3893445239123	0.11337594	0.3
1075.3310453426466	300	15.536426716152377	0.0	118421	805.8928972990009	1.0578307	0.3

