24681.11839225815	750	4.0	4.997202366246414	450283	4997.202366246414	0.20265219	-20.73797017485958
24683.271754008438	300	5.846638249714482	0.0	155580	2153.3617502855177	0.01188043	-0.15000000000000002
24686.389906121927	300	6.728486136226441	0.0	139857	3118.1521134880413	0.0049759	0.3
24690.761522878303	300	6.35686937985117	0.0	155432	4371.6167563752715	0.004705182	0.3
24695.189745369375	300	5.928646888778943	0.0	163442	4428.222491072226	0.004705182	0.3
24698.241102409404	300	6.877289848750208	0.0	126289	3051.3570400287354	0.004705182	0.3
24700.86248257876	300	8.255909679394989	0.0	153295	2621.38016935522	0.004705182	0.3
24702.56650141762	300	10.551890840533298	0.0	173849	1704.0188388616891	0.004705182	0.3
24704.04715154325	300	13.071240714897634	0.0	150710	1480.6501256356646	0.004705182	0.3
24705.402167362277	300	15.716224895873086	0.0	139105	1355.0158190245468	0.004705182	0.3
24706.903849912327	300	18.214542345823435	0.0	141840	1501.6825500496527	0.004705182	0.3
24708.26810247098	300	20.850289787169828	0.0	156148	1364.2525586536055	0.004705182	0.3
24709.543518249597	300	23.574874008552413	0.0	160746	1275.4157786174133	0.013992014	0.3
24711.098539415972	300	26.01985284217538	0.0	179801	1555.0211663770356	0.050475523	0.3
24712.2657986061	300	28.85259365205362	0.0	140051	1167.2591901217584	0.10733362	0.3
24713.376958442735	300	31.741433815414112	0.0	138313	1111.1598366395085	0.49542877	0.3
24716.11912306281	750	32.9992691953391	0.0	360831	2742.1646200750124	0.596951	0.3
24718.69026945634	750	34.428122801812876	0.0	372963	2571.1463935262273	0.0055114	0.75
24721.112582505	750	36.00580975315319	0.0	405596	2422.3130486596856	0.0049744407	0.75
24722.76809377628	750	38.350298481870084	0.0	350713	1655.5112712831033	0.022061933	0.75
24724.74621729525	750	40.372174962900154	0.0	386472	1978.1235189699314	0.5772332	0.75
24726.700934755496	750	42.417457502656326	0.0	399894	1954.7174602438324	0.6161639	0.75
24730.053135049406	1200	43.06525720874746	0.0	656471	3352.2002939088634	0.09187225	0.75
24733.68529700102	1200	43.43309525713542	0.0	536667	3632.161951612043	0.004705182	1.2
24737.80376309106	1200	43.314629167098246	0.0	587236	4118.466090037176	0.004705182	1.2
24742.44740275092	1200	42.670989507233855	0.0	590335	4643.639659864392	0.004705182	1.2
24747.29257215914	1200	41.82582009901732	0.0	696376	4845.169408216535	0.0051047523	1.2
24751.61311990475	1200	41.50527235340437	0.0	487160	4320.547745612954	0.004705182	1.2
24761.296950802305	1200	35.821441455849666	0.0	622896	9683.8308975547	0.007184194	1.2
24774.442085249193	1200	26.676307008961363	0.0	641447	13145.134446888302	0.4760525	1.2
24781.93529849154	750	23.183093766616626	0.0	358218	7493.213242344737	0.026453286	0.3
24790.127717141793	750	18.990675116362997	0.0	400322	8192.418650253629	0.01157375	0.75
24798.665839641217	750	14.452552616936622	0.0	369834	8538.122499426374	0.025575513	0.75
24804.874073411396	750	12.244318846756418	0.0	412837	6208.2337701802035	0.6084317	0.75
24809.907513601287	750	11.210878656866454	0.0	401088	5033.440189889962	0.66801924	0.75
24811.54642268755	300	13.571969570605017	0.0	159914	1638.909086261437	0.6467261	-0.15000000000000002
24813.10597655258	300	16.012415705573492	0.0	131610	1559.5538650315248	0.2919779	0.3
24814.79099004852	300	18.327402209632186	0.0	124011	1685.0134959413049	0.21170643	0.3
24820.59584104866	750	16.522551209490114	0.0	378327	5804.851000142074	0.49445412	0.3
24826.171717705463	750	14.946674552689245	0.0	390680	5575.876656800868	0.19207399	0.75
24828.480156629208	750	16.638235628941356	0.0	345516	2308.4389237478904	0.20477362	0.75
24831.234892924476	750	17.88349933367304	0.0	384505	2754.7362952683125	0.013414888	0.75
24833.807715816198	750	19.31067644195233	0.0	372093	2572.8228917207066	0.03993944	0.75
24837.138739383718	750	19.979652874432404	0.0	438281	3331.023567519927	0.48324794	0.75
24839.9484724923	750	21.16991976584721	0.0	398987	2809.733108585191	0.69634885	0.75
24846.576719486307	1200	18.541672771838034	0.0	638661	6628.246994009177	0.31447753	0.75
24851.720386211367	1200	17.398006046774928	0.0	538612	5143.666725063108	0.11588294	1.2
24859.29483651789	1200	13.823555740253964	0.0	550906	7574.450306520966	0.11117868	1.2

