19531.606293258763	750	4.0	7.571061952176263	450283	7571.061952176264	0.009465296	-31.805566394357932
19533.586087681924	300	6.020205576839139	0.0	155580	1979.794423160861	0.004705182	-0.15000000000000002
19534.679099663234	300	8.927193595526365	0.0	139857	1093.0119813127735	0.004705182	0.3
19535.610290649285	300	11.996002609478529	0.0	155432	931.1909860478366	0.004705182	0.3
19537.11478347131	300	14.491509787451928	0.0	163442	1504.4928220266	0.109094165	0.3
19538.368855570618	300	17.23743768814388	0.0	126289	1254.0720993080495	0.059136696	0.3
19539.66590960738	300	19.940383651380355	0.0	153295	1297.0540367635265	0.00754926	0.3
19540.88850807667	300	22.717785182090168	0.0	173849	1222.5984692901864	0.015672516	0.3
19542.017673213188	300	25.588620045575897	0.0	150710	1129.1651365142695	0.047591876	0.3
19544.804932198662	750	26.80136106010134	0.0	362795	2787.258985474561	0.22126962	0.3
19547.12543656807	750	28.480856690692832	0.0	353220	2320.504369408508	0.33962393	0.75
19551.081493465983	750	28.5247997927813	0.0	405134	3956.0568979115315	0.03276454	0.75
19555.79038529471	750	27.81590796405535	0.0	386351	4708.89182872595	0.13267829	0.75
19565.104184915588	750	22.502108343178268	0.0	434409	9313.799620877084	0.22987863	0.75
19568.928744689674	300	22.67754856909095	0.0	140051	3824.559774087321	0.0075812773	-0.15000000000000002
19572.242007098932	300	23.364286159831096	0.0	138313	3313.262409259852	0.004705182	0.3
19574.581413703134	300	25.02487955562902	0.0	143509	2339.406604202075	0.004705182	0.3
19576.033241748664	300	27.57305151009637	0.0	150616	1451.828045532649	0.006467254	0.3
19577.26891383334	300	30.33737942541808	0.0	165384	1235.6720846782873	0.03442161	0.3
19580.3067425836	750	31.299550675159697	0.0	350713	3037.828750258386	0.6948425	0.3
19582.922437065452	750	32.683856193311506	0.0	386472	2615.6944818481893	0.013232932	0.75
19586.279445570395	750	33.32684768836886	0.0	399894	3357.0085049426525	0.004705182	0.75
19589.390333751813	750	34.21595950694979	0.0	401853	3110.888181419063	0.004705182	0.75
19592.754584891612	750	34.85170836714902	0.0	343800	3364.251139800767	0.00860553	0.75
19596.56791878813	750	35.03837447063542	0.0	359903	3813.3338965136018	0.006199935	0.75
19602.097143030216	750	33.509150228549025	0.0	379700	5529.224242086395	0.006649524	0.75
19609.545238593153	750	30.061054665612062	0.0	425781	7448.095562936968	0.004705182	0.75
19612.480813304497	750	31.12547995426587	0.0	277716	2935.5747113461907	0.004720091	0.75
19616.55659095324	750	31.049702305524452	0.0	400396	4075.777648741415	0.004705182	0.75
19619.83670203457	750	31.76959122419636	0.0	400508	3280.1110813280943	0.0050082295	0.75
19622.36262494029	750	33.24366831847593	0.0	358218	2525.9229057204284	0.03239817	0.75
19625.17795300147	750	34.42834025729894	0.0	400322	2815.328061176992	0.24924022	0.75
19630.48156460178	1200	33.12472865698542	0.0	584349	5303.611600313528	0.64097756	0.75
19636.412900623498	1200	31.19339263526969	0.0	670129	5931.33602171573	0.13056785	1.2
19645.70270294988	1200	25.903590308888557	0.0	690253	9289.80232638113	0.10832171	1.2
19650.482169142804	1200	25.124124115962747	0.0	598727	4779.466192925812	0.59592396	1.2
19654.03644638204	1200	25.56984687672574	0.0	487812	3554.2772392370052	0.16302694	1.2
19657.943704772257	1200	25.662588486511805	0.0	575591	3907.2583902139345	0.07529445	1.2
19664.497070828522	1200	23.109222430244603	0.0	605884	6553.366056267199	0.009465271	1.2
19675.856084966494	1200	15.750208292275717	0.0	587506	11359.014137968888	0.08827406	1.2
19683.837702657132	750	11.768590601634475	0.0	345516	7981.61769064124	0.10478776	0.3
19685.88879440776	300	13.717498851007003	0.0	161857	2051.0917506274736	0.63776743	-0.15000000000000002
19687.03121493976	300	16.57507831900783	0.0	145210	1142.420531999176	0.6532461	0.3
19690.703069912004	750	16.903223346765092	0.0	438281	3671.8549722427383	0.06737304	0.3
19693.452487722105	750	18.153805536662695	0.0	398987	2749.4178101023967	0.24119942	0.75
19696.718946167326	750	18.887347091441836	0.0	393804	3266.458445220856	0.6883028	0.75
19699.299609708694	750	20.30668355007734	0.0	331053	2580.6635413644954	0.62196374	0.75
19702.08190602938	750	21.524387229389074	0.0	314107	2782.2963206882664	0.55391896	0.75

