180.84535371636275	750	4.0	2.731225734575557	450283	2731.225734575557	0.3283579	-10.994270658674894
183.27033930547717	750	5.575014410885613	0.0	398865	2424.985589114387	0.04393805	0.75
186.09695714734588	750	6.748396569016907	0.0	350812	2826.617841868706	0.035101984	0.75
189.33512127674976	300	7.510232439613019	0.0	155432	3238.1641294038886	0.46952495	-0.15000000000000002
191.8515987622171	300	8.993754954145674	0.0	163442	2516.477485467345	0.005832687	0.3
193.31003019080563	300	11.535323525557112	0.0	126289	1458.43142858856	0.010259277	0.3
195.14386156823485	300	13.701492148127903	0.0	153295	1833.8313774292092	0.008132986	0.3
197.33635665562215	300	15.508997060740592	0.0	173849	2192.4950873873117	0.005131199	0.3
199.7246674196709	300	17.120686296691833	0.0	150710	2388.310764048757	0.004705182	0.3
202.06149183824283	300	18.78386187811992	0.0	139105	2336.824418571912	0.004705182	0.3
203.20159569513916	300	21.643758021223594	0.0	141840	1140.103856896328	0.004705182	0.3
204.6169170040561	300	24.228436712306653	0.0	156148	1415.3213089169435	0.016217241	0.3
205.96781589427334	300	26.877537822089423	0.0	160746	1350.8988902172287	0.022728376	0.3
207.3223181087216	300	29.523035607641198	0.0	179801	1354.5022144482257	0.057807483	0.3
208.31212186675606	300	32.533231849606715	0.0	140051	989.8037580344825	0.4657623	0.3
209.25265732187336	300	35.59269639448942	0.0	138313	940.535455117294	0.5105782	0.3
211.7794167296944	750	37.065936986668405	0.0	360831	2526.759407821014	0.13377252	0.3
215.046476825303	750	37.79887689105978	0.0	372963	3267.0600956086273	0.0062878286	0.75
218.31968879064502	750	38.525664925717756	0.0	405596	3273.2119653420255	0.0054872534	0.75
220.70155108285945	750	40.14380263350332	0.0	350713	2381.862292214438	0.008370511	0.75
223.76094105412173	750	41.08441266224105	0.0	386472	3059.3899712622742	0.043604888	0.75
228.51184603149562	750	40.333507684867136	0.0	399894	4750.904977373907	0.04677257	0.75
231.40991680141374	750	41.43543691494903	0.0	401853	2898.0707699181075	0.009401949	0.75
233.6356149962461	750	43.20973872011669	0.0	343800	2225.6981948323396	0.21599233	0.75
237.43643622896224	1200	43.408917487400544	0.0	587236	3800.8212327161496	0.6867772	0.75
240.86944418189375	1200	43.97590953446904	0.0	590335	3433.0079529315026	0.016107526	1.2
244.45547346001112	1200	44.38988025635167	0.0	696376	3586.029278117371	0.004705182	1.2
247.40091651066086	1200	45.444437205701924	0.0	487160	2945.443050649743	0.004755593	1.2
251.27482820298295	1200	45.57052551337983	0.0	622896	3873.9116923220954	0.004705182	1.2
255.35306744184064	1200	45.492286274522165	0.0	641447	4078.239238857665	0.004705182	1.2
258.6071799707227	1200	46.23817374564009	0.0	570392	3254.1125288820754	0.005827596	1.2
261.7524219399912	1200	47.09293177637156	0.0	620283	3145.2419692685307	0.008369391	1.2
265.1706972637262	1200	47.6746564526366	0.0	584349	3418.2753237349616	0.025278078	1.2
268.46180074962535	1200	48.38355296673744	0.0	670129	3291.103485899158	0.02813069	1.2
271.12748052896933	1200	49.717873187393494	0.0	690253	2665.679779343948	0.39538896	1.2
277.5410443372384	2850	47.30430937912442	0.0	1439896	6413.56380826908	0.050999817	1.2000000000000002
282.04093725111983	2850	46.804416465242994	0.0	1139291	4499.892913881422	0.004705182	2.85
288.20025662125244	2850	44.64509709511038	0.0	1499009	6159.319370132619	0.004705182	2.85
293.20868650206563	2850	43.63666721429722	0.0	1427478	5008.429880813166	0.004705182	2.85
298.5802452545426	2850	42.26510846182021	0.0	1402287	5371.558752477002	0.010838809	2.85
305.26256845650545	2850	39.58278525985743	0.0	1339500	6682.323201962783	0.0088413395	2.85
313.68647174816226	2850	35.158881968200596	0.0	1527299	8423.90329165683	0.004705182	2.85
320.2349004735101	2850	32.610453242852756	0.0	1343002	6548.428725347843	0.004705182	2.85
329.3112476703769	2850	27.53410604598598	0.0	1587250	9076.347196866775	0.004705182	2.85
336.7977774195518	2850	24.04757629681101	0.0	1464921	7486.52974917497	0.004705182	2.85
344.19338057694216	2850	20.651973139420623	0.0	1483527	7395.60315739039	0.004705182	2.85
350.91516074828274	2850	17.930192968080068	0.0	1231456	6721.7801713405515	0.004705182	2.85
357.9779094393989	2850	14.86744427696391	0.0	1364537	7062.748691116158	0.004705182	2.85

