20947.965054489945	750	4.0	5.4395307625425735	450283	5439.530762542574	0.6918609	-22.639982278933065
20950.358681357873	300	5.606373132073677	0.0	155580	2393.6268679263235	0.0057904096	-0.15000000000000002
20952.53030739018	300	7.4347470997634195	0.0	139857	2171.626032310258	0.004705182	0.3
20955.48480737035	300	8.480247119597157	0.0	155432	2954.4999801662616	0.004705182	0.3
20957.854620711478	300	10.110433778467936	0.0	163442	2369.8133411292224	0.004705182	0.3
20958.870742285624	300	13.094312204322456	0.0	126289	1016.1215741454799	0.005172224	0.3
20959.94600923557	300	16.019045254378536	0.0	153295	1075.2669499439207	0.005543604	0.3
20961.10367652244	300	18.861377967505376	0.0	173849	1157.667286873158	0.011297784	0.3
20962.230145722366	300	21.73490876757911	0.0	150710	1126.4691999262682	0.026241753	0.3
20963.31855739452	300	24.64649709542586	0.0	139105	1088.4116721532487	0.05742514	0.3
20964.311891398567	300	27.65316309137637	0.0	141840	993.3340040494905	0.09213017	0.3
20965.457948438183	300	30.507106051761742	0.0	156148	1146.0570396146302	0.3660708	0.3
20966.611643503413	300	33.35341098653257	0.0	160746	1153.6950652291687	0.6881143	0.3
20969.981667559463	750	33.983386930483086	0.0	434409	3370.024056049483	0.32367736	0.3
20972.241827794267	750	35.7232266956792	0.0	337059	2260.1602348038914	0.006132215	0.75
20976.832986696954	750	35.13206779299284	0.0	366214	4591.1589026863585	0.005244987	0.75
20979.69664425798	750	36.26841023196575	0.0	360831	2863.657561027089	0.0064541735	0.75
20983.087022584514	750	36.87803190543403	0.0	372963	3390.378326531724	0.004705182	0.75
20987.977104687317	750	35.9879498026274	0.0	405596	4890.082102806628	0.004705182	0.75
20993.610265975498	750	34.354788514446945	0.0	350713	5633.161288180454	0.004705182	0.75
20997.15749158938	750	34.807562900567206	0.0	386472	3547.2256138797343	0.004705182	0.75
21001.07367062589	750	34.891383864055925	0.0	399894	3916.1790365112824	0.004705182	0.75
21004.804953826562	750	35.160100663386004	0.0	401853	3731.2832006699264	0.004705182	0.75
21007.181889675674	750	36.78316481427634	0.0	343800	2376.9358491096655	0.005009979	0.75
21009.770690826186	750	38.194363663765664	0.0	359903	2588.8011505106715	0.042115174	0.75
21012.430308857947	750	39.53474563200393	0.0	379700	2659.618031761732	0.13558748	0.75
21015.694426134425	750	40.270628355524664	0.0	425781	3264.117276479268	0.33434036	0.75
21017.743847032994	750	42.22120745695846	0.0	277716	2049.4208985662076	0.57229483	0.75
21020.714707973086	750	43.25034651686683	0.0	400396	2970.8609400916293	0.666492	0.75
21026.147539782185	1200	41.81751470776762	0.0	641447	5432.831809099203	0.4671606	0.75
21031.202945994777	1200	40.76210849517788	0.0	570392	5055.40621258975	0.010515262	1.2
21036.032947956643	1200	39.93210653330947	0.0	620283	4830.001961868401	0.009641061	1.2
21039.755295301446	1200	40.209759188509636	0.0	584349	3722.3473447998367	0.005024971	1.2
21048.563949150248	1200	35.40110533970518	0.0	670129	8808.653848804452	0.004705182	1.2
21056.75545049123	1200	31.209603998722653	0.0	690253	8191.501340982526	0.04001529	1.2
21060.856899238028	1200	31.108155251926256	0.0	598727	4101.448746796399	0.06371338	1.2
21064.22115431838	1200	31.74390017157235	0.0	487812	3364.255080353906	0.0050864434	1.2
21068.503455492475	1200	31.461598997480646	0.0	575591	4282.301174091704	0.005431313	1.2
21074.92744958614	1200	29.037604903815893	0.0	605884	6423.994093664755	0.004705182	1.2
21080.433416266344	1200	27.53163822360972	0.0	587506	5505.966680206175	0.0108361645	1.2
21088.04936365942	1200	23.91569083053571	0.0	566904	7615.9473930740105	0.0062227543	1.2
21094.822415468156	1200	21.142639021800242	0.0	641452	6773.0518087354685	0.19440392	1.2
21100.486326429	1200	19.478728060959927	0.0	599477	5663.910960840316	0.1362167	1.2
21104.91724442457	1200	19.04781006538737	0.0	634861	4430.917995572555	0.09650104	1.2
21109.345922546825	1200	18.619131943132114	0.0	630203	4428.678122255255	0.0075738286	1.2
21114.176588697355	1200	17.788465792603006	0.0	638661	4830.666150529109	0.005359469	1.2
21117.95784768512	1200	18.00720680483708	0.0	538612	3781.2589877659257	0.0062817326	1.2
21123.165650800493	1200	16.79940368946395	0.0	550906	5207.803115373126	0.005192668	1.2

