22887.3832839705	750	4.0	2.7720774829579558	450283	2772.077482957956	0.13374098	-11.169933176719208
22889.93622160522	750	5.44706236527567	0.0	398865	2552.9376347243297	0.055030134	0.75
22891.67729102984	750	7.705992940661611	0.0	350812	1741.069424614059	0.065098844	0.75
22893.13834244399	750	10.2449415265102	0.0	382355	1461.0514141514122	0.07312465	0.75
22894.40318429327	750	12.980099677228496	0.0	411561	1264.8418492817027	0.0058099683	0.75
22895.797239133197	750	15.586044837299495	0.0	318564	1394.0548399290028	0.026180735	0.75
22897.432586215884	750	17.950697754613234	0.0	352642	1635.3470826862608	0.011720904	0.75
22898.750673307954	750	20.6326106625412	0.0	437162	1318.0870920720342	0.012768774	0.75
22900.144981521855	750	23.238302448642127	0.0	374758	1394.308213899072	0.5534665	0.75
22901.724022025268	750	25.65926194523103	0.0	362795	1579.0405034110954	0.5972772	0.75
22903.9063146557	750	27.476969314801842	0.0	353220	2182.292630429189	0.39742532	0.75
22906.19609877192	750	29.18718519857789	0.0	405134	2289.784116223954	0.044919945	0.75
22908.478130283387	750	30.905153687116236	0.0	386351	2282.0315114616533	0.097186655	0.75
22911.69610272753	750	31.687181242973164	0.0	434409	3217.9724441430703	0.023529429	0.75
22914.23990807418	750	33.14337589631848	0.0	337059	2543.805346654687	0.00902253	0.75
22918.11975830925	750	33.2635256612471	0.0	366214	3879.8502350713848	0.007068941	0.75
22920.220482868124	750	35.16280110237497	0.0	360831	2100.724558872132	0.004705182	0.75
22923.223629493757	750	36.15965447673925	0.0	372963	3003.1466256357226	0.020560658	0.75
22927.384572786632	750	35.99871118386526	0.0	405596	4160.943292873988	0.006175948	0.75
22934.799811693636	750	32.58347227686229	0.0	350713	7415.238907002978	0.004705182	0.75
22937.85418302182	750	33.529100948675946	0.0	386472	3054.371328186342	0.01846413	0.75
22939.951029491956	750	35.432254478541374	0.0	399894	2096.8464701345642	0.004705182	0.75
22941.59382593885	750	37.78945803164826	0.0	401853	1642.7964468931173	0.07943421	0.75
22943.688592635146	1200	39.69469133535033	0.0	536667	2094.7666962979333	0.23475453	0.75
22945.33154246376	1200	42.05174150674137	0.0	587236	1642.949828608952	0.004705182	1.2
22951.365798992185	1200	40.0174849783147	0.0	590335	6034.256528426675	0.41949725	1.2
22954.99754064038	1200	40.38574333011811	0.0	696376	3631.741648196591	0.004705182	1.2
22956.44114205272	1200	42.94214191777596	0.0	487160	1443.6014123421494	0.005163432	1.2
22958.192692371733	1200	45.19059159876225	0.0	622896	1751.5503190137094	0.08592544	1.2
22962.2196247049	2850	45.16365926559634	0.0	1561263	4026.9323331659125	0.034640945	1.2000000000000002
22966.380216083802	2850	45.00306788669562	0.0	1341201	4160.5913789007245	0.031682752	2.85
22979.96183018582	2850	35.421453784678384	0.0	1497683	13581.614102017227	0.015988871	2.85
22985.312941481785	1200	34.070342488713855	0.0	584349	5351.111295964532	0.007265254	-0.44999999999999996
22999.5668977432	1200	23.816386227298725	0.0	670129	14253.95626141513	0.004705182	1.2
23002.55622022703	750	24.827063743468763	0.0	401088	2989.3224838299616	0.38469717	0.3
23005.71484287671	1200	25.668441093789394	0.0	598727	3158.622649679367	0.24822763	0.75
23007.658692356934	1200	27.724591613566947	0.0	487812	1943.849480222448	0.004705182	1.2
23009.814137942263	1200	29.5691460282374	0.0	575591	2155.4455853295435	0.004705182	1.2
23012.127255450323	1200	31.25602852017797	0.0	605884	2313.1175080594317	0.2373038	1.2
23018.826260025482	2850	28.55702394501675	0.0	1402287	6699.004575161221	0.31601366	1.2000000000000002
23024.179260946657	2850	27.204023023843504	0.0	1339500	5353.000921173245	0.004705182	2.85
23030.356969137825	2850	25.02631483267653	0.0	1527299	6177.708191166973	0.004705182	2.85
23036.82316578975	2850	22.560118180751214	0.0	1343002	6466.196651925314	0.007185063	2.85
23042.54897445616	2850	20.834309514341204	0.0	1587250	5725.808666410011	0.004705182	2.85
23047.30649861672	2850	20.076785353782974	0.0	1464921	4757.524160558229	0.0050049582	2.85
23053.574849939396	2850	17.808434031106483	0.0	1483527	6268.351322676488	0.0064098225	2.85
23059.83144014513	2850	15.551843825368449	0.0	1231456	6256.590205738035	0.004705182	2.85
23065.246301824016	2850	14.136982146483476	0.0	1364537	5414.861678884974	0.0047246106	2.85

