9423.038509816717	750	4.0	2.009934342455404	450283	2009.9343424554038	0.3760038	-7.892717672558236
9425.766753569369	750	5.271756247349612	0.0	398865	2728.243752650388	0.004705182	0.75
9427.113400419408	300	7.925109397309487	0.0	139857	1346.6468500401252	0.04843115	-0.15000000000000002
9430.16003161594	300	8.878478200777268	0.0	155432	3046.631196532218	0.07194264	0.3
9431.55568998966	300	11.482819827057853	0.0	163442	1395.6583737194155	0.015049189	0.3
9432.489330675658	300	14.549179141059794	0.0	126289	933.6406859980589	0.41997254	0.3
9433.715172080003	300	17.32333773671551	0.0	153295	1225.8414043442872	0.10019466	0.3
9435.108690269915	300	19.92981954680227	0.0	173849	1393.5181899132363	0.045078006	0.3
9436.006450373916	300	23.03205944280167	0.0	150710	897.7601040006018	0.16570449	0.3
9437.791683184698	750	25.24682663201931	0.0	362795	1785.2328107823587	0.3824079	0.3
9439.40470736388	750	27.63380245283756	0.0	353220	1613.0241791817487	0.08674531	0.75
9441.215136730329	750	29.82337308638863	0.0	405134	1810.4293664489308	0.0070253704	0.75
9442.709893472054	750	32.32861634466246	0.0	386351	1494.7567417261703	0.023252675	0.75
9444.505373247073	750	34.53313656964338	0.0	434409	1795.479775019077	0.615711	0.75
9446.068640618636	750	36.96986919808268	0.0	337059	1563.2673715606988	0.48496106	0.75
9448.634561079134	1200	38.40394873758561	0.0	587876	2565.9204604970673	0.40061215	0.75
9451.21063984584	1200	39.82786997087834	0.0	617242	2576.0787667072746	0.004705182	1.2
9453.786563873007	1200	41.251945943711746	0.0	581493	2575.924027166593	0.004705182	1.2
9456.382444485427	1200	42.656065331292545	0.0	639204	2595.8806124192033	0.004705182	1.2
9458.934423586321	1200	44.104086230400405	0.0	586839	2551.979100892138	0.0048490255	1.2
9461.47112510479	1200	45.56738471193004	0.0	601738	2536.7015184703628	0.00569248	1.2
9463.910756568037	1200	47.127753248683725	0.0	616206	2439.631463246318	0.0071406504	1.2
9466.576238027674	1200	48.4622717890479	0.0	656471	2665.4814596358274	0.015347162	1.2
9468.804607479915	1200	50.23390233680565	0.0	536667	2228.3694522422447	0.06311862	1.2
9471.27958378956	1200	51.758926027161685	0.0	587236	2474.976309643963	0.12617874	1.2
9473.520730442218	1200	53.517779374502176	0.0	590335	2241.1466526595073	0.4257372	1.2
9479.717841394773	2850	51.320668421947126	0.0	1547572	6197.110952555047	0.33214536	1.2000000000000002
9484.786682992257	2850	50.25182682446282	0.0	1141971	5068.8415974843065	0.004705182	2.85
9493.94460417937	2850	45.09390563734928	0.0	1498470	9157.92118711354	0.004705182	2.85
9505.135720184811	2850	37.90278963190918	0.0	1561263	11191.1160054401	0.0051551103	2.85
9512.402062807158	2850	34.636447009562794	0.0	1341201	7266.342622346386	0.6792314	2.85
9520.309908119694	2850	30.72860169702615	0.0	1497683	7907.845312536639	0.37568036	2.85
9528.406049743315	2850	26.632460073404147	0.0	1358081	8096.141623622005	0.08552622	2.85
9536.832063086986	2850	22.206446729733454	0.0	1587293	8426.013343670693	0.38836035	2.85
9543.054790499138	2850	19.98371931758205	0.0	1492672	6222.7274121514	0.25533384	2.85
9551.19760002326	2850	15.84090979346008	0.0	1439896	8142.809524121971	0.006939003	2.85
9554.161116454625	1200	16.87739336209411	0.0	487812	2963.516431365968	0.818689	-0.44999999999999996
9557.618198757282	1200	17.420311059437523	0.0	575591	3457.0823026565868	0.004705182	1.2
9560.745854813797	1200	18.292655002922352	0.0	605884	3127.6560565151754	0.004705182	1.2
9563.92738950127	1200	19.11112031544956	0.0	587506	3181.5346874727907	0.004705182	1.2
9568.51685051716	1200	18.521659299558902	0.0	566904	4589.461015890657	0.004705182	1.2
9576.075354360366	1200	14.963155456353787	0.0	641452	7558.503843205114	0.007980184	1.2
9579.887535140662	750	15.150974676058397	0.0	372093	3812.1807802953895	0.59602284	0.3
9582.296613117234	750	16.741896699484524	0.0	438281	2409.0779765738694	0.06171962	0.75
9585.845977347712	1200	17.19253246900761	0.0	630203	3549.3642304769182	0.2871997	0.75
9590.678003406045	1200	16.36050641067447	0.0	638661	4832.026058333137	0.004705182	1.2
9594.440846513105	1200	16.59766330361356	0.0	538612	3762.843107060911	0.00658784	1.2
9597.56892839409	1200	17.469581422628952	0.0	550906	3128.0818809846087	0.0060955123	1.2

