2835.7879400353345	750	4.0	5.460500454044817	450283	5460.500454044817	0.004705182	-22.730151952392713
2837.0874946609333	300	6.700445374400823	0.0	155580	1299.5546255991767	0.0056630024	-0.15000000000000002
2838.2249843639065	300	9.562955671427938	0.0	139857	1137.489702972886	0.053875737	0.3
2839.4192967259028	300	12.368643309431896	0.0	155432	1194.3123619960415	0.006371522	0.3
2840.6160025290014	300	15.171937506333434	0.0	163442	1196.7058030984626	0.080484584	0.3
2841.4777978976535	300	18.310142137681243	0.0	126289	861.7953686521879	0.20769598	0.3
2842.5629304564536	300	21.22500957888139	0.0	153295	1085.1325587998513	0.08323591	0.3
2844.178544249871	300	23.609395785464102	0.0	173849	1615.613793417292	0.07598156	0.3
2845.4808556049634	300	26.307084430371702	0.0	150710	1302.3113550923977	0.05611936	0.3
2846.497777203401	300	29.29016283193432	0.0	139105	1016.9215984373803	0.3088758	0.3
2847.480810950097	300	32.30712908523843	0.0	141840	983.0337466958925	0.55772024	0.3
2850.401530280124	750	33.38640975521139	0.0	405134	2920.71933002704	0.67404485	0.3
2853.672431373376	750	34.11550866195877	0.0	386351	3270.9010932526253	0.009530427	0.75
2856.947825481025	750	34.84011455431006	0.0	434409	3275.394107648701	0.0060127303	0.75
2859.4103985945385	750	36.37754144079643	0.0	337059	2462.573113513642	0.004705182	0.75
2864.1082707573714	750	35.679669277963356	0.0	366214	4697.872162833064	0.004705182	0.75
2869.3703321303724	750	34.41760790496247	0.0	360831	5262.061373000885	0.004705182	0.75
2875.1985775319026	750	32.58936250343221	0.0	372963	5828.245401530264	0.0058598174	0.75
2878.7402300631093	750	33.04770997222557	0.0	405596	3541.6525312066447	0.005799927	0.75
2882.6185129564224	750	33.16942707891253	0.0	350713	3878.2828933130354	0.004705182	0.75
2887.3561253244284	750	32.431814710906394	0.0	386472	4737.612368006131	0.004705182	0.75
2893.127718823034	750	30.660221212300915	0.0	399894	5771.593498605483	0.004705182	0.75
2896.3398260677886	750	31.44811396754617	0.0	401853	3212.1072447547435	0.004705182	0.75
2899.6011245231475	750	32.18681551218726	0.0	343800	3261.2984553589117	0.004705182	0.75
2905.177732763876	750	30.61020727145849	0.0	359903	5576.608240728768	0.004705182	0.75
2910.724306226076	750	29.063633809258416	0.0	379700	5546.573462200074	0.004705182	0.75
2914.633515539126	750	29.15442449620839	0.0	425781	3909.2093130500257	0.004705182	0.75
2917.6388121199066	750	30.149127915427425	0.0	277716	3005.2965807809687	0.004759545	0.75
2921.5616495243	750	30.226290511034495	0.0	400396	3922.8374043929293	0.004705182	0.75
2924.244046141379	750	31.543893893955165	0.0	400508	2682.3966170793296	0.004826544	0.75
2926.5447720966913	750	33.24316793864319	0.0	358218	2300.72595531198	0.16952938	0.75
2930.3924725295433	1200	33.395467505791295	0.0	620283	3847.7004328518865	0.59283173	0.75
2934.3043412811853	1200	33.483598754149234	0.0	584349	3911.8687516420655	0.016151126	1.2
2938.560677844699	1200	33.22726219063542	0.0	670129	4256.336563513811	0.008686239	1.2
2943.0644335483007	1200	32.723506487033745	0.0	690253	4503.755703601676	0.004705182	1.2
2947.1171347668883	1200	32.67080526844611	0.0	598727	4052.7012185876365	0.004705182	1.2
2949.703550069083	1200	34.08438996625163	0.0	487812	2586.4153021944844	0.004705182	1.2
2954.012833638032	1200	33.775106397302764	0.0	575591	4309.283568948861	0.004995048	1.2
2958.2065190492963	1200	33.58142098603876	0.0	605884	4193.685411264005	0.005185674	1.2
2961.569050136084	1200	34.21888989925069	0.0	587506	3362.5310867880735	0.008081784	1.2
2964.6654483246116	1200	35.12249171072356	0.0	566904	3096.3981885271273	0.025078624	1.2
2968.673863419695	1200	35.11407661564036	0.0	641452	4008.4150950832013	0.056399558	1.2
2972.2474224058237	1200	35.540517629511584	0.0	599477	3573.5589861287767	0.07103182	1.2
2976.604488518844	1200	35.183451516491516	0.0	634861	4357.066113020066	0.2501007	1.2
2983.3306055890243	1200	32.45733444631112	0.0	630203	6726.117070180389	0.25439265	1.2
2989.534918529185	1200	30.253021506150255	0.0	638661	6204.312940160869	0.006266989	1.2
2994.5054029919856	1200	29.282537043350015	0.0	538612	4970.484462800241	0.006860957	1.2
2999.3672608860134	1200	28.420679149321817	0.0	550906	4861.857894028198	0.004705182	1.2

