2326.611625657311	750	4.0	8.215266709904062	450283	8215.266709904063	0.004705182	-34.57564685258747
2329.6406875037324	300	4.97093815357864	0.0	155580	3029.0618464213608	0.004705182	-0.15000000000000002
2332.0943542855994	300	6.517271371711869	0.0	139857	2453.6667818667706	0.004705182	0.3
2334.250303979454	300	8.361321677856907	0.0	155432	2155.9496938549614	0.004705182	0.3
2336.379708692144	300	10.231916965167043	0.0	163442	2129.404712689864	0.004705182	0.3
2337.953475087413	300	12.658150569897952	0.0	126289	1573.7663952690905	0.0056936555	0.3
2339.318792304361	300	15.292833352949737	0.0	153295	1365.3172169482154	0.004705182	0.3
2340.898011995251	300	17.713613662059643	0.0	173849	1579.2196908900933	0.004705182	0.3
2342.242411935566	300	20.369213721744813	0.0	150710	1344.3999403148302	0.004705182	0.3
2343.442007795494	300	23.169617861816537	0.0	139105	1199.5958599282799	0.014259938	0.3
2344.6211937349694	300	25.990431922341035	0.0	141840	1179.1859394755	0.030901913	0.3
2346.054596964132	300	28.557028693178424	0.0	156148	1433.4032291626106	0.077901974	0.3
2347.6346851664475	300	30.976940490863043	0.0	160746	1580.0882023153815	0.14449297	0.3
2349.3981891755766	300	33.213436481734	0.0	179801	1763.5040091290398	0.3869133	0.3
2353.3172338632917	750	33.29439179401868	0.0	337059	3919.044687715323	0.6968267	0.3
2357.14993895334	750	33.46168670397039	0.0	366214	3832.705090048282	0.050661482	0.75
2360.010058833184	750	34.6015668241267	0.0	360831	2860.1198798436913	0.012915288	0.75
2363.4211167308463	750	35.190508926463764	0.0	372963	3411.0578976629345	0.004705182	0.75
2368.672308223539	750	33.939317433771244	0.0	405596	5251.191492692527	0.004705182	0.75
2371.5684936539947	750	35.0431320033157	0.0	350713	2896.185430455542	0.0048225424	0.75
2374.7196777077784	750	35.891947949531776	0.0	386472	3151.184053783916	0.004705182	0.75
2378.3654819575254	750	36.24614369978459	0.0	399894	3645.8042497471943	0.0055316533	0.75
2383.165627281369	750	35.4459983759415	0.0	401853	4800.1453238430895	0.0053767366	0.75
2386.1393439024964	750	36.47228175481352	0.0	343800	2973.716621127972	0.004705182	0.75
2389.093918268387	750	37.51770738892344	0.0	359903	2954.5743658900797	0.010700086	0.75
2392.815981083686	750	37.79564457362435	0.0	379700	3722.062815299091	0.028183607	0.75
2396.8741691931173	750	37.73745646419308	0.0	425781	4058.188109431273	0.014438274	0.75
2399.772438616889	750	38.839187040421535	0.0	277716	2898.2694237715377	0.0692851	0.75
2405.713879082911	750	36.8977465743997	0.0	400396	5941.440466021842	0.045404233	0.75
2411.4581202309614	750	35.15350542634865	0.0	400508	5744.2411480510455	0.007647061	0.75
2414.754025987646	750	35.8575996696644	0.0	358218	3295.905756684256	0.007159615	0.75
2417.910002713697	750	36.7016229436134	0.0	400322	3155.9767260510007	0.048222575	0.75
2421.0671205519516	750	37.5445051053585	0.0	369834	3157.117838254896	0.38903916	0.75
2425.111514530331	750	37.50011112697917	0.0	412837	4044.39397837933	0.59582835	0.75
2431.6136952663032	1200	34.997930391007145	0.0	690253	6502.180735972028	0.61001724	0.75
2436.927681814847	1200	33.683943842463286	0.0	598727	5313.986548543863	0.035777997	1.2
2441.4089593861518	1200	33.2026662711584	0.0	487812	4481.277571304884	0.013142205	1.2
2446.9629538087947	1200	31.648671848515562	0.0	575591	5553.994422642837	0.02384796	1.2
2453.689090369436	1200	28.9225352878742	0.0	605884	6726.136560641359	0.01686873	1.2
2459.678390868795	1200	26.933234788515467	0.0	587506	5989.300499358736	0.028204829	1.2
2468.625311496978	1200	21.98631416033174	0.0	566904	8946.920628183723	0.028018069	1.2
2475.702973441526	1200	18.908652215784024	0.0	641452	7077.661944547718	0.6769915	1.2
2482.240123303325	1200	16.371502353984646	0.0	599477	6537.149861799377	0.34609857	1.2
2490.151131971293	1200	12.460493686017118	0.0	634861	7911.008667967529	0.6613101	1.2
2492.996772776265	750	13.614852881045227	0.0	398987	2845.6408049718925	0.03804315	0.3
2495.952924068126	750	14.658701589184448	0.0	393804	2956.151291860778	0.17030269	0.75
2498.4156572577785	750	16.195968399531683	0.0	331053	2462.7331896527635	0.38501537	0.75
2500.917599925117	750	17.694025732193236	0.0	314107	2501.9426673384473	0.5860984	0.75

