359.84897837747445	750	4.0	1.8710689380755445	450283	1871.0689380755446	0.010181147	-7.295596433724841
361.45199228926754	750	6.396986088206931	0.0	398865	1603.0139117930696	0.004705182	0.75
362.58474506772194	750	9.264233309752525	0.0	350812	1132.7527784544063	0.004705182	0.75
363.64819491284396	750	12.200783464630447	0.0	382355	1063.449845122077	0.004705182	0.75
364.80559523086004	750	15.043383146614369	0.0	411561	1157.400318016078	0.28862295	0.75
366.16527137045085	1200	17.683707007023585	0.0	520315	1359.676139590782	0.6591488	0.75
367.7657888325013	1200	20.08318954497318	0.0	561791	1600.5174620504024	0.006803783	1.2
369.8986103767737	1200	21.950368000700763	0.0	709534	2132.8215442724168	0.0052154255	1.2
371.938903119874	1200	23.910075257600447	0.0	584846	2040.2927431003197	0.004705182	1.2
375.39519507135475	1200	24.45378330611972	0.0	560821	3456.2919514807268	0.004705182	1.2
377.33921886025325	1200	26.509759517221223	0.0	607410	1944.023788898497	0.13517158	1.2
379.14927273549813	1200	28.69970564197631	0.0	594078	1810.0538752449168	0.004705182	1.2
381.0193448491118	1200	30.829633528362642	0.0	624282	1870.0721136136633	0.004705182	1.2
382.83018923113843	1200	33.01878914633598	0.0	687371	1810.8443820266625	0.004705182	1.2
384.4220885594873	1200	35.42688981798712	0.0	526950	1591.8993283488633	0.01246252	1.2
386.49387493741705	1200	37.355103440057405	0.0	587876	2071.786377929714	0.012620757	1.2
388.67998760294296	1200	39.16899077453148	0.0	617242	2186.11266552593	0.00818454	1.2
390.6260922631041	1200	41.222886114370326	0.0	581493	1946.1046601611536	0.017605968	1.2
392.4944788162213	1200	43.354499561253135	0.0	639204	1868.3865531171868	0.10553276	1.2
396.30920029057205	2850	43.53977808690237	0.0	1336050	3814.7214743507675	0.40829074	1.2000000000000002
401.26769583129885	2850	42.581282546175636	0.0	1415116	4958.495540726732	0.004705182	2.85
407.0186551907279	2850	40.83032318674658	0.0	1468126	5750.959359429054	0.004705182	2.85
413.34473071739546	2850	38.50424766007902	0.0	1505760	6326.075526667561	0.004705182	2.85
420.9374273475711	2850	34.91155102990345	0.0	1323990	7592.69663017557	0.004705182	2.85
431.46562225814876	2850	28.3833561193258	0.0	1383735	10528.194910577651	0.06901946	2.85
439.2859290564888	1200	24.563049320985755	0.0	590335	7820.306798340044	0.004848356	-0.44999999999999996
444.83085806100286	1200	23.018120316471705	0.0	696376	5544.929004514052	0.18807074	1.2
449.436515554068	1200	22.412462823406518	0.0	487160	4605.657493065189	0.059687585	1.2
454.6543946289271	1200	21.194583748547455	0.0	622896	5217.879074859062	0.6340707	1.2
460.62074916614466	1200	19.228229211329936	0.0	641447	5966.354537217518	0.61872184	1.2
463.7784432717122	750	20.07053510576237	0.0	358218	3157.6941055675657	0.39893782	0.3
468.15273806372676	750	19.696240313747822	0.0	400322	4374.294792014548	0.008268285	0.75
472.8282112428038	750	19.020767134670788	0.0	369834	4675.473179077033	0.004705182	0.75
476.5567793058825	750	19.292199071592073	0.0	412837	3728.568063078713	0.004705182	0.75
479.77551506101867	750	20.073463316455946	0.0	401088	3218.7357551361283	0.0049752938	0.75
482.5467697977664	750	21.30220857970819	0.0	365161	2771.254736747756	0.00991319	0.75
485.17498817863975	750	22.673990198834854	0.0	321064	2628.2183808733366	0.044325005	0.75
488.0851745634307	750	23.763803814043865	0.0	361565	2910.186384790987	0.045390695	0.75
491.09278498457877	750	24.756193392895806	0.0	378327	3007.6104211480592	0.20216872	0.75
494.38208343199454	750	25.466894945480053	0.0	390680	3289.298447415752	0.3982747	0.75
498.8652030010242	1200	24.983775376450417	0.0	566904	4483.119569029639	0.52194744	0.75
504.05939857169693	1200	23.789579805777652	0.0	641452	5194.195570672765	0.022532586	1.2
509.17767922218536	1200	22.671299155289265	0.0	599477	5118.280650488388	0.0123365875	1.2
515.7916866861922	1200	20.057291691282444	0.0	634861	6614.00746400682	0.014791612	1.2
520.708397022893	1200	19.140581354581656	0.0	630203	4916.7103367007885	0.06652129	1.2
524.7770325560305	1200	19.071945821444203	0.0	638661	4068.635533137454	0.011223358	1.2
528.7507043619864	1200	19.098274015488194	0.0	538612	3973.671805956008	0.004705182	1.2
532.9353700366746	1200	18.913608340799982	0.0	550906	4184.66567468821	0.0052413717	1.2

