10879.111613925263	750	4.0	1.5754002818435975	450283	1575.4002818435974	0.041449066	-6.024221211927469
10880.931888031439	750	6.179725893824993	0.0	398865	1820.2741061750069	0.004705182	0.75
10882.014819861954	750	9.09679406330946	0.0	350812	1082.9318305155325	0.004705182	0.75
10883.44043598293	750	11.671177942334614	0.0	382355	1425.616120974846	0.0051785912	0.75
10885.385166011365	750	13.726447913899609	0.0	411561	1944.7300284350058	0.006441107	0.75
10886.936594837412	750	16.175019087851577	0.0	318564	1551.428826048032	0.0048133493	0.75
10888.988538625963	750	18.1230752993004	0.0	352642	2051.943788551176	0.0068080667	0.75
10891.93697482814	750	19.174639097123105	0.0	437162	2948.436202177294	0.019753026	0.75
10896.392052032395	750	18.719561892867294	0.0	374758	4455.077204255812	0.04597644	0.75
10897.42365030102	300	21.687963624243206	0.0	139105	1031.5982686240848	0.64632654	-0.15000000000000002
10898.481571531223	300	24.63004239404147	0.0	141840	1057.921230201735	0.44807658	0.3
10899.45481033964	300	27.656803585626157	0.0	156148	973.2388084153133	0.37754893	0.3
10900.299097779534	300	30.812516145730783	0.0	160746	844.2874398953709	0.68158406	0.3
10902.331303487501	750	32.78031043776564	0.0	434409	2032.2057079651422	0.15465227	0.3
10903.953828042839	750	35.15778588242636	0.0	337059	1622.5245553392813	0.032365344	0.75
10906.248277072711	750	36.86333685255383	0.0	366214	2294.4490298725304	0.07625493	0.75
10907.977852019112	750	39.13376190615208	0.0	360831	1729.5749464017492	0.04616689	0.75
10909.710388681626	750	41.4012252436383	0.0	372963	1732.5366625137858	0.67651904	0.75
10912.790311504697	1200	42.32130242056732	0.0	639204	3079.922823070979	0.21688132	0.75
10915.85926246756	1200	43.25235145770603	0.0	586839	3068.9509628612955	0.004705182	1.2
10919.075401076732	1200	44.03621284853416	0.0	601738	3216.1386091718664	0.004705182	1.2
10922.184198006848	1200	44.92741591841779	0.0	616206	3108.7969301163666	0.004705182	1.2
10925.153652046196	1200	45.95796187906984	0.0	656471	2969.4540393479456	0.004705182	1.2
10928.683559080502	1200	46.4280548447649	0.0	536667	3529.907034304946	0.004881236	1.2
10932.092902581702	1200	47.01871134356486	0.0	587236	3409.3435012000377	0.004705182	1.2
10935.156548695953	1200	47.95506522931425	0.0	590335	3063.64611425061	0.004705182	1.2
10938.179224198342	1200	48.93238972692673	0.0	696376	3022.675502387512	0.0060057556	1.2
10940.689144439059	1200	50.422469486208946	0.0	487160	2509.920240717786	0.03295084	1.2
10944.058759129637	1200	51.05285479562975	0.0	622896	3369.614690579196	0.017724257	1.2
10947.210032820996	1200	51.90158110427171	0.0	641447	3151.2736913580375	0.039570775	1.2
10949.63059965046	1200	53.48101427480905	0.0	570392	2420.5668294626603	0.26602063	1.2
10956.431767373657	2850	50.67984655161065	0.0	1497683	6801.167723198402	0.65680915	1.2000000000000002
10963.738686701643	2850	47.37292722362424	0.0	1358081	7306.919327986412	0.004705182	2.85
10971.688706982752	2850	43.422906942514054	0.0	1587293	7950.020281110183	0.004705182	2.85
10977.45205835789	2850	41.65955556737627	0.0	1492672	5763.351375137787	0.004705182	2.85
10985.026984142949	2850	38.0846297823167	0.0	1439896	7574.925785059567	0.004705182	2.85
10992.118532119459	2850	34.9930818058088	0.0	1139291	7091.547976507908	0.004705182	2.85
10999.369714746083	2850	31.741899179185165	0.0	1499009	7251.18262662363	0.004705182	2.85
11006.755786536747	2850	28.355827388518854	0.0	1427478	7386.071790666311	0.004705182	2.85
11013.220698906878	2850	25.890915018389126	0.0	1402287	6464.91237012973	0.004705182	2.85
11022.026679444158	2850	21.08493448110781	0.0	1339500	8805.980537281317	0.004705182	2.85
11029.98901156851	2850	17.12260235675443	0.0	1527299	7962.332124353375	0.010836146	2.85
11036.702503127392	2850	14.409110797872362	0.0	1343002	6713.491558882071	0.0096230535	2.85
11046.562886091935	2850	8.548727833329515	0.0	1587250	9860.382964542847	0.025213137	2.85
11048.822032754479	1200	10.289581170784212	0.0	630203	2259.1466625453036	0.004705182	-0.44999999999999996
11052.420978104177	1200	10.69063582108587	0.0	638661	3598.9453496983406	0.004705182	1.2
11054.958513216865	1200	12.15310070839939	0.0	538612	2537.535112686481	0.004705182	1.2
11057.336637498041	1200	13.774976427221976	0.0	550906	2378.1242811774136	0.004705182	1.2

