22528.407200369504	750	4.0	3.666539248000215	450283	3666.5392480002147	0.064735256	-15.016118766400924
22529.339448188577	300	7.067752180926023	0.0	155580	932.2478190739762	0.6201604	-0.15000000000000002
22532.31385229965	750	8.093348069854693	0.0	350812	2974.4041110713297	0.40726218	0.3
22535.382980665738	750	9.024219703769914	0.0	382355	3069.1283660847807	0.34652352	0.75
22538.278533320172	750	10.128667049333606	0.0	411561	2895.5526544363065	0.65862375	0.75
22540.178267188738	750	12.228933180767614	0.0	318564	1899.733868565992	0.50745666	0.75
22543.035758936316	750	13.371441433191922	0.0	352642	2857.4917475756915	0.61093473	0.75
22544.18057827365	300	16.22662209586117	0.0	173849	1144.819337330749	0.5026296	-0.15000000000000002
22545.006691858547	300	19.40050851095898	0.0	150710	826.1135849021953	0.2282892	0.3
22546.97542584485	750	21.431774524659062	0.0	362795	1968.7339862999174	0.47453588	0.3
22549.489756012637	750	22.917444356869183	0.0	353220	2514.330167789877	0.27474046	0.75
22551.797118086164	750	24.6100822833445	0.0	405134	2307.362073524681	0.24688184	0.75
22553.494236482664	750	26.912963886842043	0.0	386351	1697.1183965024566	0.011350083	0.75
22556.343702282127	750	28.063498087379095	0.0	434409	2849.4657994629483	0.009834502	0.75
22560.109794768592	750	28.29740560091687	0.0	337059	3766.0924864622234	0.004870331	0.75
22564.457084849957	750	27.95011551954843	0.0	366214	4347.290081368442	0.013441842	0.75
22567.990780834112	750	28.41641953539195	0.0	360831	3533.6959841564803	0.011781201	0.75
22571.265727026926	750	29.141473342574407	0.0	372963	3274.94619281754	0.0052749435	0.75
22573.53788838765	750	30.869311981852878	0.0	405596	2272.1613607215286	0.004705182	0.75
22575.774289989633	750	32.63291037987003	0.0	350713	2236.40160198285	0.009415225	0.75
22578.671611847407	750	33.73558852209483	0.0	386472	2897.3218577751995	0.016885782	0.75
22581.768525874544	750	34.63867449495889	0.0	399894	3096.914027135939	0.009503709	0.75
22584.704246946385	750	35.70295342311926	0.0	401853	2935.7210718396323	0.013593744	0.75
22588.077187553998	750	36.330012815505206	0.0	343800	3372.940607614055	0.051223464	0.75
22596.47833711629	750	31.928863253211667	0.0	359903	8401.149562293538	0.013214018	0.75
22605.72667805682	750	26.6805223126799	0.0	379700	9248.340940531763	0.020834012	0.75
22610.12427080973	750	26.282929559767446	0.0	425781	4397.592752912457	0.30236626	0.75
22612.842365139724	750	27.56483522977634	0.0	277716	2718.0943299911073	0.005819074	0.75
22616.201017103886	750	28.20618326561427	0.0	400396	3358.6519641620644	0.004705182	0.75
22619.335352892824	750	29.071847476675945	0.0	400508	3134.3357889383255	0.007311765	0.75
22622.05813518448	750	30.349065185019406	0.0	358218	2722.782291656542	0.032375097	0.75
22624.71063574726	750	31.69656462224179	0.0	400322	2652.500562777611	0.119711705	0.75
22626.877220270864	750	33.52998009863375	0.0	369834	2166.584523608047	0.46990412	0.75
22628.791165441617	750	35.61603492788128	0.0	412837	1913.945170752473	0.58815527	0.75
22632.21402776065	1200	36.19317260885184	0.0	690253	3422.862319029439	0.009721993	0.75
22635.168448643177	1200	37.23875172632108	0.0	598727	2954.420882530766	0.012071436	1.2
22638.384357040064	1200	38.022843329437215	0.0	487812	3215.9083968838595	0.05915649	1.2
22642.455585020696	1200	37.951615348806534	0.0	575591	4071.2279806306856	0.016565986	1.2
22647.12277357799	1200	37.28442679150829	0.0	605884	4667.188557298244	0.015555368	1.2
22651.28758410429	1200	37.11961626520893	0.0	587506	4164.810526299356	0.012626512	1.2
22655.37786253312	1200	37.02933783637701	0.0	566904	4090.2784288319244	0.015347947	1.2
22664.597754000948	1200	31.809446368553886	0.0	641452	9219.891467823121	0.017124517	1.2
22675.449776724992	1200	24.957423644508825	0.0	599477	10852.02272404506	0.0057472214	1.2
22688.882724683874	1200	15.52447568562588	0.0	634861	13432.947958882944	0.42453545	1.2
22698.097195296246	750	10.31000507325146	0.0	398987	9214.47061237442	0.6949438	0.3
22701.778000528753	300	10.629199840745907	0.0	160064	3680.805232505555	0.038512334	-0.15000000000000002
22704.56936762847	300	11.83783274102788	0.0	137507	2791.3670997180275	0.01723322	0.3
22706.80152472012	300	13.605675649381153	0.0	118421	2232.157091646726	0.020853486	0.3

