23433.793648214218	750	4.0	4.8551176236478435	450283	4855.117623647843	0.06758597	-20.127005781685725
23435.29086031523	300	6.502787898988277	0.0	155580	1497.2121010117223	0.016629351	-0.15000000000000002
23436.57816530007	300	9.215482914147731	0.0	139857	1287.3049848405465	0.031065974	0.3
23437.797490958892	300	11.996157255325587	0.0	155432	1219.3256588221457	0.0054661944	0.3
23438.955027654716	300	14.83862055950185	0.0	163442	1157.5366958237378	0.08418818	0.3
23440.987986016575	750	16.805662197642242	0.0	318564	2032.9583618596057	0.2542264	0.3
23441.824413567687	300	19.969234646527905	0.0	153295	836.4275511143392	0.6818966	-0.15000000000000002
23443.14162000703	300	22.6520282071854	0.0	173849	1317.2064393425048	0.25390694	0.3
23444.115372163233	300	25.67827605098539	0.0	150710	973.752156200012	0.14284931	0.3
23446.27087163649	750	27.522776577727626	0.0	362795	2155.499473257763	0.567639	0.3
23448.86900751951	750	28.924640694705932	0.0	353220	2598.135883021691	0.03622203	0.75
23451.553116658964	750	30.240531555257053	0.0	405134	2684.1091394488794	0.02307709	0.75
23453.419004679774	750	32.37464353444808	0.0	386351	1865.8880208089674	0.0072223535	0.75
23455.585493319602	750	34.208154894620485	0.0	434409	2166.4886398275944	0.012559336	0.75
23457.623847640683	750	36.16980057353929	0.0	337059	2038.3543210811877	0.052750718	0.75
23460.89202710703	750	36.90162110719095	0.0	366214	3268.1794663483424	0.02740153	0.75
23463.70744271986	750	38.086205494360925	0.0	360831	2815.415612830021	0.0073332204	0.75
23466.44119956114	750	39.35244865308048	0.0	372963	2733.756841280446	0.017671982	0.75
23469.147774035264	750	40.64587417895845	0.0	405596	2706.5744741220246	0.025335135	0.75
23472.53316882975	750	41.26047938447611	0.0	350713	3385.394794482339	0.12845501	0.75
23474.953148110853	750	42.840500103372065	0.0	386472	2419.979281104056	0.035367224	0.75
23480.639961478773	1200	41.15368673545129	0.0	616206	5686.813367920774	0.56398714	0.75
23483.535100103825	750	42.258548110401236	0.0	401853	2895.1386250500505	0.54576653	0.3
23485.68806573082	750	44.105582483403566	0.0	343800	2152.965626997667	0.4421713	0.75
23489.7199748883	1200	44.07367332592535	0.0	587236	4031.9091574782215	0.66362154	0.75
23494.118928521373	1200	43.67471969285116	0.0	590335	4398.953633074185	0.009627643	1.2
23498.26033487628	1200	43.5333133379418	0.0	696376	4141.406354909359	0.008144029	1.2
23502.52287690576	1200	43.270771308460745	0.0	487160	4262.5420294810565	0.004705182	1.2
23508.782450680992	1200	41.01119753323012	0.0	622896	6259.573775230631	0.0058179214	1.2
23514.898618820127	1200	38.89502939409581	0.0	641447	6116.168139134305	0.01869567	1.2
23518.198138447635	1200	39.59550976658684	0.0	570392	3299.5196275089716	0.014473224	1.2
23521.894417189065	1200	39.8992310251574	0.0	620283	3696.2787414294366	0.004705182	1.2
23525.156230837736	1200	40.63741737648735	0.0	584349	3261.81364867005	0.004705182	1.2
23529.111595173024	1200	40.68205304119955	0.0	670129	3955.364335287802	0.004705182	1.2
23533.715468838356	1200	40.07817937586635	0.0	690253	4603.873665333202	0.0070892223	1.2
23538.79889317757	1200	38.994755036653075	0.0	598727	5083.424339213271	0.007113159	1.2
23546.12620517668	1200	35.66744303754473	0.0	487812	7327.311999108352	0.00498175	1.2
23551.922668068015	1200	33.87098014620961	0.0	575591	5796.4628913351235	0.008931529	1.2
23558.59334533463	1200	31.200302879594243	0.0	605884	6670.677266615363	0.0049357447	1.2
23563.91531299632	1200	29.878335217902425	0.0	587506	5321.967661691819	0.008424201	1.2
23568.795711358878	1200	28.99793685534333	0.0	566904	4880.3983625590945	0.005807596	1.2
23574.687021133006	1200	27.106627081215763	0.0	641452	5891.309774127567	0.004813384	1.2
23585.65327530269	1200	20.1403729115313	0.0	599477	10966.254169684464	0.0049628443	1.2
23594.448998835618	750	15.344649378603062	0.0	438281	8795.723532928238	0.34417003	0.3
23602.891090571997	750	10.902557642226071	0.0	398987	8442.091736376991	0.00608648	0.75
23607.52031523916	300	10.273332975064582	0.0	160064	4629.224667161488	0.6763728	-0.15000000000000002
23612.175495206557	300	9.618153007665219	0.0	137507	4655.179967399362	0.016223274	0.3
23616.002321896198	300	9.791326318024737	0.0	118421	3826.826689640482	0.004705182	0.3

