17386.782110499706	750	4.0	4.034106319630938	450283	4034.106319630938	0.5160175	-16.596657174413032
17387.898411838392	300	6.883698661312633	0.0	155580	1116.3013386873674	0.2254282	-0.15000000000000002
17388.904948447056	300	9.877162052650885	0.0	139857	1006.5366086617488	0.5963969	0.3
17389.86337449514	300	12.918736004566787	0.0	155432	958.4260480840993	0.049701214	0.3
17390.667482594283	300	16.114627905428325	0.0	163442	804.1080991384632	0.6287907	0.3
17392.54231057707	750	18.23979992263742	0.0	318564	1874.827982790905	0.60034573	0.3
17395.783877692447	750	18.998232807264934	0.0	352642	3241.5671153724893	0.4154897	0.75
17398.28166613378	750	20.50044436593054	0.0	437162	2497.788441334391	0.6687115	0.75
17400.194989508007	750	22.587120991704744	0.0	374758	1913.3233742257933	0.22519639	0.75
17401.9583287679	750	24.823781731808513	0.0	362795	1763.3392598962298	0.060800843	0.75
17404.01516045604	750	26.766950043667816	0.0	353220	2056.8316881406963	0.01677301	0.75
17406.580972093125	750	28.201138406588427	0.0	405134	2565.811637079392	0.0089737205	0.75
17409.092241168913	750	29.68986933079877	0.0	386351	2511.2690757896544	0.004731166	0.75
17411.30860246999	750	31.473508029720502	0.0	434409	2216.3613010782674	0.004705182	0.75
17412.528151203558	750	34.2539592961546	0.0	337059	1219.5487335659027	0.016675774	0.75
17414.464919226742	1200	36.3171912729674	0.0	587876	1936.7680231872007	0.60060245	0.75
17416.568037279823	1200	38.214073219888434	0.0	617242	2103.1180530789643	0.004705182	1.2
17418.828732457452	1200	39.95337804225894	0.0	581493	2260.695177629496	0.004705182	1.2
17421.502666469758	1200	41.279444029953034	0.0	639204	2673.9340123059096	0.004705182	1.2
17423.844295814277	1200	42.93781468543202	0.0	586839	2341.629344521009	0.005369578	1.2
17426.29716935674	1200	44.48494114296733	0.0	601738	2452.873542464696	0.008135936	1.2
17428.560762691894	1200	46.22134780781428	0.0	616206	2263.5933351530475	0.012769992	1.2
17432.094065922618	1200	46.68804457708922	0.0	656471	3533.303230725057	0.09192544	1.2
17436.496954512495	1200	46.285155987212114	0.0	536667	4402.888589877115	0.019171746	1.2
17438.97663453578	1200	47.80547596392771	0.0	587236	2479.680023284404	0.004705182	1.2
17441.385823823948	1200	49.396286675759875	0.0	590335	2409.189288167837	0.011751969	1.2
17443.856819780587	1200	50.925290719117925	0.0	696376	2470.9959566419525	0.03924365	1.2
17449.870066201227	2850	48.9120442984771	0.0	1141971	6013.246420640827	0.3482569	1.2000000000000002
17456.268439455096	2850	46.51367104460905	0.0	1498470	6398.373253868051	0.004705182	2.85
17462.419352015997	2850	44.36275848370466	0.0	1561263	6150.912560904388	0.004705182	2.85
17466.323697020045	2850	44.45841347965509	0.0	1341201	3904.345004049568	0.004705182	2.85
17470.090389445806	2850	44.691721053895165	0.0	1497683	3766.692425759932	0.004705182	2.85
17474.636877470948	2850	44.14523302875447	0.0	1358081	4546.488025140694	0.0071197753	2.85
17479.193357579836	2850	43.588752919866906	0.0	1587293	4556.480108887559	0.005179986	2.85
17482.629667061916	2850	44.152443437782736	0.0	1492672	3436.3094820841725	0.01535946	2.85
17485.644083458043	2850	45.13802704165793	0.0	1439896	3014.416396124807	0.21926978	2.85
17489.336545357073	4300	45.44556514262548	0.0	1919781	3692.4618990324448	0.3190804	2.8499999999999996
17494.285754575874	4300	44.49635592382412	0.0	2147467	4949.209218801361	0.004705182	4.3
17503.274534159627	4300	39.50757634007153	0.0	2133870	8988.779583752594	0.004705182	4.3
17510.786588876574	4300	35.99552162312492	0.0	2146120	7512.054716946613	0.0056773494	4.3
17515.436664260997	4300	35.34544623870125	0.0	2108491	4650.075384423676	0.004705182	4.3
17520.574979588142	4300	34.20713091155622	0.0	2184571	5138.315327145032	0.004705182	4.3
17526.04678578247	4300	32.735324717228664	0.0	2121928	5471.8061943275525	0.004705182	4.3
17532.846529581362	4300	29.93558091833997	0.0	2219102	6799.743798888695	0.004705182	4.3
17541.531138265458	4300	25.25097223424296	0.0	2124950	8684.608684097007	0.005755858	4.3
17549.593025633152	4300	21.18908486654784	0.0	2246506	8061.887367695117	0.08489787	4.3
17557.391612573476	4300	17.390497926227404	0.0	1961140	7798.586940320438	0.05948415	4.3
17570.45869471823	4300	8.323415781471983	0.0	2155012	13067.082144755419	0.6422374	4.3

