18992.31648239644	750	4.0	2.7857807865153212	450283	2785.7807865153213	0.17946638	-11.228857382015882
18994.71670450768	750	5.599777888758914	0.0	398865	2400.222111241086	0.05936321	0.75
18996.12686693512	750	8.189615461318068	0.0	350812	1410.162427440845	0.033313833	0.75
18997.8404230006	750	10.476059395835795	0.0	382355	1713.5560654822739	0.008381546	0.75
19000.30909186557	750	12.007390530867891	0.0	411561	2468.668864967904	0.009595348	0.75
19001.72288797474	750	14.593594421693368	0.0	318564	1413.7961091745235	0.021950593	0.75
19003.341369597758	750	16.975112798676733	0.0	352642	1618.4816230166339	0.021604218	0.75
19005.15165446369	750	19.164827932744867	0.0	437162	1810.2848659318668	0.026122933	0.75
19006.97848746017	750	21.33799493626301	0.0	374758	1826.8329964818597	0.00740778	0.75
19008.696161581018	750	23.620320815417	0.0	362795	1717.674120846009	0.006756366	0.75
19010.260708329057	750	26.055774067377058	0.0	353220	1564.5467480399427	0.009607823	0.75
19012.287838894856	750	28.028643501575573	0.0	405134	2027.1305658014821	0.02731186	0.75
19014.332768920347	750	29.983713476083366	0.0	386351	2044.930025492209	0.035053965	0.75
19016.86269718609	750	31.453785210342204	0.0	434409	2529.928265741162	0.052158676	0.75
19018.886362691188	750	33.430119705245396	0.0	337059	2023.665505096813	0.063204005	0.75
19020.533035843786	750	35.783446552644456	0.0	366214	1646.6731526009353	0.057062574	0.75
19024.340305733385	1200	35.976176663045415	0.0	617242	3807.2698895990393	0.6736313	0.75
19027.464542745154	1200	36.851939651277156	0.0	581493	3124.237011768259	0.12571724	1.2
19030.480303755532	1200	37.83617864089699	0.0	639204	3015.7610103801703	0.028751984	1.2
19033.223620560046	1200	39.092861836382305	0.0	586839	2743.316804514682	0.005830164	1.2
19036.22114878158	1200	40.09533361484918	0.0	601738	2997.528221533121	0.004705182	1.2
19039.397263544848	1200	40.91921885158032	0.0	616206	3176.114763268862	0.004705182	1.2
19042.637276512753	1200	41.679205883675266	0.0	656471	3240.0129679050547	0.004705182	1.2
19045.369418485127	1200	42.947063911302415	0.0	536667	2732.1419723728513	0.004705182	1.2
19047.81139580559	1200	44.50508659084136	0.0	587236	2441.977320461051	0.004705182	1.2
19050.613809646362	1200	45.702672750069944	0.0	590335	2802.41384077142	0.008346889	1.2
19054.050736393398	1200	46.265746003035254	0.0	696376	3436.9267470346886	0.009328614	1.2
19056.536555954055	1200	47.77992644237786	0.0	487160	2485.8195606573922	0.026104115	1.2
19059.338523095998	1200	48.97795930043265	0.0	622896	2801.9671419452034	0.019531654	1.2
19063.697795463533	1200	48.61868693289966	0.0	641447	4359.272367533002	0.11349443	1.2
19066.70743645971	1200	49.609045936721756	0.0	570392	3009.640996177898	0.016311303	1.2
19069.711390746957	1200	50.60509164947402	0.0	620283	3003.9542872477405	0.06392781	1.2
19073.303721977467	1200	51.01276041896402	0.0	584349	3592.331230509996	0.6368073	1.2
19085.61003768759	2850	42.7064447088395	0.0	1587293	12306.315710124523	0.14716664	1.2000000000000002
19090.131932688375	1200	42.18454970805807	0.0	690253	4521.8950007814265	0.38795578	-0.44999999999999996
19092.964161821386	1200	43.3523205750426	0.0	598727	2832.2291330154717	0.004705182	1.2
19094.95962303627	1200	45.35685936016124	0.0	487812	1995.4612148813596	0.0047586393	1.2
19097.709228886506	1200	46.60725350992141	0.0	575591	2749.605850239827	0.10575485	1.2
19104.350403594926	2850	43.966078801502384	0.0	1427478	6641.17470841902	0.22299856	1.2000000000000002
19110.823227850295	2850	41.49325454613421	0.0	1402287	6472.824255368178	0.004705182	2.85
19117.14930540445	2850	39.16717699197783	0.0	1339500	6326.077554156375	0.004705182	2.85
19128.34627992957	2850	31.970202466858716	0.0	1527299	11196.974525119116	0.004705182	2.85
19138.671163438514	2850	25.645318957917095	0.0	1343002	10324.88350894162	0.013150551	2.85
19155.59595500807	2850	12.720527388360278	0.0	1587250	16924.791569556815	0.38004628	2.85
19160.43852808519	750	11.877954311240126	0.0	398987	4842.5730771201515	0.328565	-1.35
19163.776021359157	750	12.540461037274989	0.0	393804	3337.4932739651385	0.01775703	0.75
19166.36814200749	750	13.948340388944475	0.0	331053	2592.1206483305136	0.3939171	0.75
19169.256453316997	750	15.060029079433757	0.0	314107	2888.311309510716	0.69048446	0.75

