9966.159356949409	750	4.0	3.13772266060829	450283	3137.72266060829	0.019021502	-12.742207440615646
9968.314600430454	750	5.844756518954331	0.0	398865	2155.2434810456693	0.32408178	0.75
9969.698955279076	750	8.460401670332143	0.0	350812	1384.354848622188	0.01517273	0.75
9970.971203646635	750	11.188153302772283	0.0	382355	1272.2483675598598	0.008522284	0.75
9972.191816435317	750	13.967540514091253	0.0	411561	1220.6127886810302	0.005063482	0.75
9972.88813407328	750	17.271222876128586	0.0	318564	696.3176379626642	0.2172085	0.75
9974.249852989242	1200	19.909503960167342	0.0	561791	1361.7189159612483	0.0565984	0.75
9976.162511216691	1200	21.996845732718043	0.0	709534	1912.6582274492966	0.004705182	1.2
9977.719157530904	1200	24.44019941850554	0.0	584846	1556.6463142125042	0.004705182	1.2
9980.031063377459	1200	26.12829357195014	0.0	560821	2311.9058465553994	0.004705182	1.2
9983.59690222864	1200	26.56245472076876	0.0	607410	3565.838851181382	0.004705182	1.2
9987.522664198945	1200	26.63669275046535	0.0	594078	3925.761970303409	0.024453266	1.2
9995.28446615547	1200	22.874890793939365	0.0	624282	7761.8019565259865	0.26737505	1.2
9999.44856736284	750	22.710789586566687	0.0	434409	4164.101207372678	0.30717906	0.3
10002.645036881453	750	23.51432006795594	0.0	337059	3196.46951861075	0.20689481	0.75
10004.162132967454	750	25.997223981953255	0.0	366214	1517.0960860026833	0.07175065	0.75
10005.56642051262	750	28.59293643678854	0.0	360831	1404.2875451647126	0.04207589	0.75
10007.708726604618	1200	30.450630344791357	0.0	581493	2142.3060919971863	0.534185	0.75
10009.659419877727	1200	32.499937071683576	0.0	639204	1950.6932731077818	0.0062828977	1.2
10011.624343770578	1200	34.53501317883194	0.0	586839	1964.9238928516322	0.004705182	1.2
10013.637869572023	1200	36.52148737738807	0.0	601738	2013.525801443875	0.0047943564	1.2
10015.649510035219	1200	38.509846914192785	0.0	616206	2011.6404631952823	0.009864864	1.2
10018.00374575636	1200	40.15561119305118	0.0	656471	2354.235721141607	0.050471243	1.2
10022.229061238095	2850	39.93029571131535	0.0	1323990	4225.3154817358245	0.5735497	1.2000000000000002
10026.485907463664	2850	39.673449485746715	0.0	1383735	4256.846225568642	0.004705182	2.85
10031.978596553732	2850	38.18076039567896	0.0	1480464	5492.689090067754	0.0051437216	2.85
10036.891741294421	2850	37.267615654989584	0.0	1547572	4913.144740689377	0.004705182	2.85
10039.765410818847	2850	38.39394613056329	0.0	1141971	2873.669524426288	0.00480813	2.85
10043.321376329259	2850	38.837980620151214	0.0	1498470	3555.9655104120857	0.006146621	2.85
10047.594635738309	2850	38.56472121110029	0.0	1561263	4273.259409050923	0.015855065	2.85
10051.237440757945	2850	38.92191619146542	0.0	1341201	3642.805019634868	0.028244186	2.85
10055.511439889076	2850	38.64791706033313	0.0	1497683	4273.999131132285	0.042875506	2.85
10059.190337630189	2850	38.96901931922197	0.0	1358081	3678.897741111157	0.06000082	2.85
10062.596078130071	2850	39.563278819339146	0.0	1587293	3405.7404998828256	0.19767196	2.85
10066.28363571184	2850	39.875721237570495	0.0	1492672	3687.557581768645	0.69146794	2.85
10072.23032264693	4300	37.929034302478655	0.0	2143948	5946.686935091845	0.59098	2.8499999999999996
10076.824287974214	4300	37.33506897519603	0.0	1919781	4593.965327282625	0.004705182	4.3
10083.580763006199	4300	34.578593943210514	0.0	2147467	6756.475031985514	0.004705182	4.3
10091.344982641453	4300	30.81437430795605	0.0	2133870	7764.219635254465	0.004705182	4.3
10100.611400523318	4300	25.54795642609051	0.0	2146120	9266.417881865544	0.012677053	4.3
10106.947219300779	4300	23.212137648629458	0.0	2108491	6335.818777461053	0.38636568	4.3
10113.24582026326	4300	20.913536686146834	0.0	2184571	6298.600962482623	0.12838219	4.3
10121.000100286978	4300	17.159256662430366	0.0	2121928	7754.280023716472	0.18341903	4.3
10126.899745998444	2850	15.259610950964012	0.0	1587250	5899.645711466353	0.30718464	1.4000000000000001
10131.70146962289	2850	14.45788732651726	0.0	1464921	4801.723624446751	0.004705182	2.85
10135.716753154658	2850	14.442603794751081	0.0	1483527	4015.283531766179	0.004705182	2.85
10140.313175571959	2850	13.84618137744854	0.0	1231456	4596.422417302541	0.004705182	2.85
10146.85340443302	2850	11.305952516387237	0.0	1364537	6540.228861061303	0.004705182	2.85

