22344.538935458764	750	4.0	3.704434403261277	450283	3704.4344032612767	0.004705182	-15.17906793402349
22345.711253086025	300	6.827682372737972	0.0	155580	1172.3176272620274	0.57972914	-0.15000000000000002
22346.52771646891	300	10.011218989852685	0.0	139857	816.4633828852868	0.5784896	0.3
22347.438401000254	300	13.100534458509513	0.0	155432	910.6845313431706	0.33310518	0.3
22349.664428599095	750	14.874506859665413	0.0	411561	2226.027598844101	0.69062966	0.3
22351.291564815612	750	17.247370643150497	0.0	318564	1627.1362165149171	0.061192386	0.75
22353.346980083308	750	19.191955375451098	0.0	352642	2055.4152676994026	0.16911486	0.75
22355.998988825846	750	20.539946632915562	0.0	437162	2652.008742535536	0.36720508	0.75
22358.324071194213	750	22.214864264549607	0.0	374758	2325.0823683659555	0.17345178	0.75
22360.76822202233	750	23.77071343643381	0.0	362795	2444.150828115798	0.090332866	0.75
22363.050934891868	750	25.488000566893344	0.0	353220	2282.712869540466	0.05688925	0.75
22365.465192185773	750	27.07374327298637	0.0	405134	2414.2572939069755	0.019400623	0.75
22367.6049219881	750	28.934013470661572	0.0	386351	2139.729802324795	0.0052694157	0.75
22369.76916887103	750	30.7697665877322	0.0	434409	2164.2468829293716	0.0047358912	0.75
22372.008749648623	750	32.53018581014066	0.0	337059	2239.58077759154	0.01729626	0.75
22373.90967332624	750	34.629262132520815	0.0	366214	1900.9236776198445	0.0065073995	0.75
22375.678513278384	750	36.860422180378706	0.0	360831	1768.8399521421063	0.08162079	0.75
22377.477182319813	750	39.06175313894973	0.0	372963	1798.6690414289733	0.54213065	0.75
22379.00421770497	750	41.53471775379034	0.0	405596	1527.0353851593889	0.5593173	0.75
22381.965006583323	1200	42.573928875440515	0.0	586839	2960.788878349824	0.012289002	0.75
22384.41624794453	1200	44.12268751423388	0.0	601738	2451.241361206632	0.004705182	1.2
22387.020287948853	1200	45.51864750991084	0.0	616206	2604.0400043230393	0.005186852	1.2
22389.685436395204	1200	46.85349906355782	0.0	656471	2665.1484463530187	0.0064501674	1.2
22391.706380448002	1200	48.8325550107593	0.0	536667	2020.9440527985191	0.021106534	1.2
22394.21292854713	1200	50.32600691162907	0.0	587236	2506.548099130234	0.065992385	1.2
22396.721445160256	1200	51.8174902985069	0.0	590335	2508.51661312217	0.2646416	1.2
22399.337305290413	1200	53.20163016835068	0.0	696376	2615.860130156218	0.6526673	1.2
22403.07594580649	2850	53.46298965227498	0.0	1141971	3738.6405160757085	0.065193914	1.2000000000000002
22409.701151370497	2850	50.837784088269295	0.0	1498470	6625.205564005675	0.004705182	2.85
22418.12350080151	2850	46.41543465725412	0.0	1561263	8422.349431015182	0.004705182	2.85
22424.872600516293	2850	43.66633494247271	0.0	1341201	6749.099714781411	0.004705182	2.85
22432.129961321625	2850	40.40897413713868	0.0	1497683	7257.360805334032	0.004705182	2.85
22440.910615901816	2850	35.62831955694731	0.0	1358081	8780.654580191365	0.004705182	2.85
22448.983365028518	2850	31.555570430245574	0.0	1587293	8072.749126701735	0.0077970475	2.85
22456.832405475372	2850	27.706529983395747	0.0	1492672	7849.040446849829	0.004708519	2.85
22464.252436072802	2850	24.286499385966593	0.0	1439896	7420.030597429154	0.0047055394	2.85
22469.020173928533	2850	23.518761530234908	0.0	1139291	4767.737855731682	0.0048368117	2.85
22473.634482277706	2850	22.90445318105954	0.0	1499009	4614.308349175368	0.004705182	2.85
22478.837060399113	2850	21.701875059651652	0.0	1427478	5202.578121407889	0.004705182	2.85
22483.120547660787	2850	21.418387797981676	0.0	1402287	4283.487261669978	0.004705182	2.85
22489.437943485045	2850	19.10099197372503	0.0	1339500	6317.395824256646	0.004705182	2.85
22495.315324310464	2850	17.22361114830422	0.0	1527299	5877.380825420811	0.004705182	2.85
22500.25632314301	2850	16.282612315756886	0.0	1343002	4940.9988325473305	0.004705182	2.85
22511.197951507835	2850	9.340983950931427	0.0	1587250	10941.62836482546	0.004705182	2.85
22514.080771305773	1200	10.458164152990944	0.0	630203	2882.819797940483	0.27140722	-0.44999999999999996
22517.26842665338	1200	11.270508805381741	0.0	638661	3187.655347609204	0.0060651307	1.2
22520.731012170927	1200	11.807923287838241	0.0	538612	3462.5855175435004	0.004705182	1.2
22524.7406611215	1200	11.798274337260127	0.0	550906	4009.6489505781133	0.0051669357	1.2

